/*--------------------------------*- C++ -*----------------------------------*\
  =========                 |
  \\      /  F ield         | OpenFOAM: The Open Source CFD Toolbox
   \\    /   O peration     | Website:  https://openfoam.org
    \\  /    A nd           | Version:  12
     \\/     M anipulation  |
\*---------------------------------------------------------------------------*/
FoamFile
{
    format      ascii;
    class       vectorField;
    location    "constant/polyMesh";
    object      points;
}
// * * * * * * * * * * * * * * * * * * * * * * * * * * * * * * * * * * * * * //


2613
(
(-0.5 0.004982781874 -0.0002173458927)
(-0.4945 0.004982781874 -0.0002173458927)
(-0.489 0.004982781874 -0.0002173458927)
(-0.4835 0.004982781874 -0.0002173458927)
(-0.478 0.004982781874 -0.0002173458927)
(-0.4725 0.004982781874 -0.0002173458927)
(-0.467 0.004982781874 -0.0002173458927)
(-0.4615 0.004982781874 -0.0002173458927)
(-0.456 0.004982781874 -0.0002173458927)
(-0.4505 0.004982781874 -0.0002173458927)
(-0.445 0.004982781874 -0.0002173458927)
(-0.4395 0.004982781874 -0.0002173458927)
(-0.434 0.004982781874 -0.0002173458927)
(-0.4285 0.004982781874 -0.0002173458927)
(-0.423 0.004982781874 -0.0002173458927)
(-0.4175 0.004982781874 -0.0002173458927)
(-0.412 0.004982781874 -0.0002173458927)
(-0.4065 0.004982781874 -0.0002173458927)
(-0.401 0.004982781874 -0.0002173458927)
(-0.3955 0.004982781874 -0.0002173458927)
(-0.39 0.004982781874 -0.0002173458927)
(-0.3845 0.004982781874 -0.0002173458927)
(-0.379 0.004982781874 -0.0002173458927)
(-0.3735 0.004982781874 -0.0002173458927)
(-0.368 0.004982781874 -0.0002173458927)
(-0.3625 0.004982781874 -0.0002173458927)
(-0.357 0.004982781874 -0.0002173458927)
(-0.3515 0.004982781874 -0.0002173458927)
(-0.346 0.004982781874 -0.0002173458927)
(-0.3405 0.004982781874 -0.0002173458927)
(-0.335 0.004982781874 -0.0002173458927)
(-0.3295 0.004982781874 -0.0002173458927)
(-0.324 0.004982781874 -0.0002173458927)
(-0.3185 0.004982781874 -0.0002173458927)
(-0.313 0.004982781874 -0.0002173458927)
(-0.3075 0.004982781874 -0.0002173458927)
(-0.302 0.004982781874 -0.0002173458927)
(-0.2965 0.004982781874 -0.0002173458927)
(-0.291 0.004982781874 -0.0002173458927)
(-0.2855 0.004982781874 -0.0002173458927)
(-0.28 0.004982781874 -0.0002173458927)
(-0.2745 0.004982781874 -0.0002173458927)
(-0.269 0.004982781874 -0.0002173458927)
(-0.2635 0.004982781874 -0.0002173458927)
(-0.258 0.004982781874 -0.0002173458927)
(-0.2525 0.004982781874 -0.0002173458927)
(-0.247 0.004982781874 -0.0002173458927)
(-0.2415 0.004982781874 -0.0002173458927)
(-0.236 0.004982781874 -0.0002173458927)
(-0.2305 0.004982781874 -0.0002173458927)
(-0.225 0.004982781874 -0.0002173458927)
(-0.2195 0.004982781874 -0.0002173458927)
(-0.214 0.004982781874 -0.0002173458927)
(-0.2085 0.004982781874 -0.0002173458927)
(-0.203 0.004982781874 -0.0002173458927)
(-0.1975 0.004982781874 -0.0002173458927)
(-0.192 0.004982781874 -0.0002173458927)
(-0.1865 0.004982781874 -0.0002173458927)
(-0.181 0.004982781874 -0.0002173458927)
(-0.1755 0.004982781874 -0.0002173458927)
(-0.17 0.004982781874 -0.0002173458927)
(-0.1645 0.004982781874 -0.0002173458927)
(-0.159 0.004982781874 -0.0002173458927)
(-0.1535 0.004982781874 -0.0002173458927)
(-0.148 0.004982781874 -0.0002173458927)
(-0.1425 0.004982781874 -0.0002173458927)
(-0.137 0.004982781874 -0.0002173458927)
(-0.1315 0.004982781874 -0.0002173458927)
(-0.126 0.004982781874 -0.0002173458927)
(-0.1205 0.004982781874 -0.0002173458927)
(-0.115 0.004982781874 -0.0002173458927)
(-0.1095 0.004982781874 -0.0002173458927)
(-0.104 0.004982781874 -0.0002173458927)
(-0.0985 0.004982781874 -0.0002173458927)
(-0.093 0.004982781874 -0.0002173458927)
(-0.0875 0.004982781874 -0.0002173458927)
(-0.082 0.004982781874 -0.0002173458927)
(-0.0765 0.004982781874 -0.0002173458927)
(-0.071 0.004982781874 -0.0002173458927)
(-0.0655 0.004982781874 -0.0002173458927)
(-0.06 0.004982781874 -0.0002173458927)
(-0.0545 0.004982781874 -0.0002173458927)
(-0.049 0.004982781874 -0.0002173458927)
(-0.0435 0.004982781874 -0.0002173458927)
(-0.038 0.004982781874 -0.0002173458927)
(-0.0325 0.004982781874 -0.0002173458927)
(-0.027 0.004982781874 -0.0002173458927)
(-0.0215 0.004982781874 -0.0002173458927)
(-0.016 0.004982781874 -0.0002173458927)
(-0.0105 0.004982781874 -0.0002173458927)
(-0.005 0.004982781874 -0.0002173458927)
(0.0005 0.004982781874 -0.0002173458927)
(0.006 0.004982781874 -0.0002173458927)
(0.0115 0.004982781874 -0.0002173458927)
(0.017 0.004982781874 -0.0002173458927)
(0.0225 0.004982781874 -0.0002173458927)
(0.028 0.004982781874 -0.0002173458927)
(0.0335 0.004982781874 -0.0002173458927)
(0.039 0.004982781874 -0.0002173458927)
(0.0445 0.004982781874 -0.0002173458927)
(0.05 0.004982781874 -0.0002173458927)
(0.0555 0.004982781874 -0.0002173458927)
(0.061 0.004982781874 -0.0002173458927)
(0.0665 0.004982781874 -0.0002173458927)
(0.072 0.004982781874 -0.0002173458927)
(0.0775 0.004982781874 -0.0002173458927)
(0.083 0.004982781874 -0.0002173458927)
(0.0885 0.004982781874 -0.0002173458927)
(0.094 0.004982781874 -0.0002173458927)
(0.0995 0.004982781874 -0.0002173458927)
(0.105 0.004982781874 -0.0002173458927)
(0.1105 0.004982781874 -0.0002173458927)
(0.116 0.004982781874 -0.0002173458927)
(0.1215 0.004982781874 -0.0002173458927)
(0.127 0.004982781874 -0.0002173458927)
(0.1325 0.004982781874 -0.0002173458927)
(0.138 0.004982781874 -0.0002173458927)
(0.1435 0.004982781874 -0.0002173458927)
(0.149 0.004982781874 -0.0002173458927)
(0.1545 0.004982781874 -0.0002173458927)
(0.16 0.004982781874 -0.0002173458927)
(0.1655 0.004982781874 -0.0002173458927)
(0.171 0.004982781874 -0.0002173458927)
(0.1765 0.004982781874 -0.0002173458927)
(0.182 0.004982781874 -0.0002173458927)
(0.1875 0.004982781874 -0.0002173458927)
(0.193 0.004982781874 -0.0002173458927)
(0.1985 0.004982781874 -0.0002173458927)
(0.204 0.004982781874 -0.0002173458927)
(0.2095 0.004982781874 -0.0002173458927)
(0.215 0.004982781874 -0.0002173458927)
(0.2205 0.004982781874 -0.0002173458927)
(0.226 0.004982781874 -0.0002173458927)
(0.2315 0.004982781874 -0.0002173458927)
(0.237 0.004982781874 -0.0002173458927)
(0.2425 0.004982781874 -0.0002173458927)
(0.248 0.004982781874 -0.0002173458927)
(0.2535 0.004982781874 -0.0002173458927)
(0.259 0.004982781874 -0.0002173458927)
(0.2645 0.004982781874 -0.0002173458927)
(0.27 0.004982781874 -0.0002173458927)
(0.2755 0.004982781874 -0.0002173458927)
(0.281 0.004982781874 -0.0002173458927)
(0.2865 0.004982781874 -0.0002173458927)
(0.292 0.004982781874 -0.0002173458927)
(0.2975 0.004982781874 -0.0002173458927)
(0.303 0.004982781874 -0.0002173458927)
(0.3085 0.004982781874 -0.0002173458927)
(0.314 0.004982781874 -0.0002173458927)
(0.3195 0.004982781874 -0.0002173458927)
(0.325 0.004982781874 -0.0002173458927)
(0.3305 0.004982781874 -0.0002173458927)
(0.336 0.004982781874 -0.0002173458927)
(0.3415 0.004982781874 -0.0002173458927)
(0.347 0.004982781874 -0.0002173458927)
(0.3525 0.004982781874 -0.0002173458927)
(0.358 0.004982781874 -0.0002173458927)
(0.3635 0.004982781874 -0.0002173458927)
(0.369 0.004982781874 -0.0002173458927)
(0.3745 0.004982781874 -0.0002173458927)
(0.38 0.004982781874 -0.0002173458927)
(0.3855 0.004982781874 -0.0002173458927)
(0.391 0.004982781874 -0.0002173458927)
(0.3965 0.004982781874 -0.0002173458927)
(0.402 0.004982781874 -0.0002173458927)
(0.4075 0.004982781874 -0.0002173458927)
(0.413 0.004982781874 -0.0002173458927)
(0.4185 0.004982781874 -0.0002173458927)
(0.424 0.004982781874 -0.0002173458927)
(0.4295 0.004982781874 -0.0002173458927)
(0.435 0.004982781874 -0.0002173458927)
(0.4405 0.004982781874 -0.0002173458927)
(0.446 0.004982781874 -0.0002173458927)
(0.4515 0.004982781874 -0.0002173458927)
(0.457 0.004982781874 -0.0002173458927)
(0.4625 0.004982781874 -0.0002173458927)
(0.468 0.004982781874 -0.0002173458927)
(0.4735 0.004982781874 -0.0002173458927)
(0.479 0.004982781874 -0.0002173458927)
(0.4845 0.004982781874 -0.0002173458927)
(0.49 0.004982781874 -0.0002173458927)
(0.4955 0.004982781874 -0.0002173458927)
(0.501 0.004982781874 -0.0002173458927)
(0.5065 0.004982781874 -0.0002173458927)
(0.512 0.004982781874 -0.0002173458927)
(0.5175 0.004982781874 -0.0002173458927)
(0.523 0.004982781874 -0.0002173458927)
(0.5285 0.004982781874 -0.0002173458927)
(0.534 0.004982781874 -0.0002173458927)
(0.5395 0.004982781874 -0.0002173458927)
(0.545 0.004982781874 -0.0002173458927)
(0.5505 0.004982781874 -0.0002173458927)
(0.556 0.004982781874 -0.0002173458927)
(0.5615 0.004982781874 -0.0002173458927)
(0.567 0.004982781874 -0.0002173458927)
(0.5725 0.004982781874 -0.0002173458927)
(0.578 0.004982781874 -0.0002173458927)
(0.5835 0.004982781874 -0.0002173458927)
(0.589 0.004982781874 -0.0002173458927)
(0.5945 0.004982781874 -0.0002173458927)
(0.6 0.004982781874 -0.0002173458927)
(-0.5 0.008126704694 -0.0003544818801)
(-0.4945 0.008126704694 -0.0003544818801)
(-0.489 0.008126704694 -0.0003544818801)
(-0.4835 0.008126704694 -0.0003544818801)
(-0.478 0.008126704694 -0.0003544818801)
(-0.4725 0.008126704694 -0.0003544818801)
(-0.467 0.008126704694 -0.0003544818801)
(-0.4615 0.008126704694 -0.0003544818801)
(-0.456 0.008126704694 -0.0003544818801)
(-0.4505 0.008126704694 -0.0003544818801)
(-0.445 0.008126704694 -0.0003544818801)
(-0.4395 0.008126704694 -0.0003544818801)
(-0.434 0.008126704694 -0.0003544818801)
(-0.4285 0.008126704694 -0.0003544818801)
(-0.423 0.008126704694 -0.0003544818801)
(-0.4175 0.008126704694 -0.0003544818801)
(-0.412 0.008126704694 -0.0003544818801)
(-0.4065 0.008126704694 -0.0003544818801)
(-0.401 0.008126704694 -0.0003544818801)
(-0.3955 0.008126704694 -0.0003544818801)
(-0.39 0.008126704694 -0.0003544818801)
(-0.3845 0.008126704694 -0.0003544818801)
(-0.379 0.008126704694 -0.0003544818801)
(-0.3735 0.008126704694 -0.0003544818801)
(-0.368 0.008126704694 -0.0003544818801)
(-0.3625 0.008126704694 -0.0003544818801)
(-0.357 0.008126704694 -0.0003544818801)
(-0.3515 0.008126704694 -0.0003544818801)
(-0.346 0.008126704694 -0.0003544818801)
(-0.3405 0.008126704694 -0.0003544818801)
(-0.335 0.008126704694 -0.0003544818801)
(-0.3295 0.008126704694 -0.0003544818801)
(-0.324 0.008126704694 -0.0003544818801)
(-0.3185 0.008126704694 -0.0003544818801)
(-0.313 0.008126704694 -0.0003544818801)
(-0.3075 0.008126704694 -0.0003544818801)
(-0.302 0.008126704694 -0.0003544818801)
(-0.2965 0.008126704694 -0.0003544818801)
(-0.291 0.008126704694 -0.0003544818801)
(-0.2855 0.008126704694 -0.0003544818801)
(-0.28 0.008126704694 -0.0003544818801)
(-0.2745 0.008126704694 -0.0003544818801)
(-0.269 0.008126704694 -0.0003544818801)
(-0.2635 0.008126704694 -0.0003544818801)
(-0.258 0.008126704694 -0.0003544818801)
(-0.2525 0.008126704694 -0.0003544818801)
(-0.247 0.008126704694 -0.0003544818801)
(-0.2415 0.008126704694 -0.0003544818801)
(-0.236 0.008126704694 -0.0003544818801)
(-0.2305 0.008126704694 -0.0003544818801)
(-0.225 0.008126704694 -0.0003544818801)
(-0.2195 0.008126704694 -0.0003544818801)
(-0.214 0.008126704694 -0.0003544818801)
(-0.2085 0.008126704694 -0.0003544818801)
(-0.203 0.008126704694 -0.0003544818801)
(-0.1975 0.008126704694 -0.0003544818801)
(-0.192 0.008126704694 -0.0003544818801)
(-0.1865 0.008126704694 -0.0003544818801)
(-0.181 0.008126704694 -0.0003544818801)
(-0.1755 0.008126704694 -0.0003544818801)
(-0.17 0.008126704694 -0.0003544818801)
(-0.1645 0.008126704694 -0.0003544818801)
(-0.159 0.008126704694 -0.0003544818801)
(-0.1535 0.008126704694 -0.0003544818801)
(-0.148 0.008126704694 -0.0003544818801)
(-0.1425 0.008126704694 -0.0003544818801)
(-0.137 0.008126704694 -0.0003544818801)
(-0.1315 0.008126704694 -0.0003544818801)
(-0.126 0.008126704694 -0.0003544818801)
(-0.1205 0.008126704694 -0.0003544818801)
(-0.115 0.008126704694 -0.0003544818801)
(-0.1095 0.008126704694 -0.0003544818801)
(-0.104 0.008126704694 -0.0003544818801)
(-0.0985 0.008126704694 -0.0003544818801)
(-0.093 0.008126704694 -0.0003544818801)
(-0.0875 0.008126704694 -0.0003544818801)
(-0.082 0.008126704694 -0.0003544818801)
(-0.0765 0.008126704694 -0.0003544818801)
(-0.071 0.008126704694 -0.0003544818801)
(-0.0655 0.008126704694 -0.0003544818801)
(-0.06 0.008126704694 -0.0003544818801)
(-0.0545 0.008126704694 -0.0003544818801)
(-0.049 0.008126704694 -0.0003544818801)
(-0.0435 0.008126704694 -0.0003544818801)
(-0.038 0.008126704694 -0.0003544818801)
(-0.0325 0.008126704694 -0.0003544818801)
(-0.027 0.008126704694 -0.0003544818801)
(-0.0215 0.008126704694 -0.0003544818801)
(-0.016 0.008126704694 -0.0003544818801)
(-0.0105 0.008126704694 -0.0003544818801)
(-0.005 0.008126704694 -0.0003544818801)
(0.0005 0.008126704694 -0.0003544818801)
(0.006 0.008126704694 -0.0003544818801)
(0.0115 0.008126704694 -0.0003544818801)
(0.017 0.008126704694 -0.0003544818801)
(0.0225 0.008126704694 -0.0003544818801)
(0.028 0.008126704694 -0.0003544818801)
(0.0335 0.008126704694 -0.0003544818801)
(0.039 0.008126704694 -0.0003544818801)
(0.0445 0.008126704694 -0.0003544818801)
(0.05 0.008126704694 -0.0003544818801)
(0.0555 0.008126704694 -0.0003544818801)
(0.061 0.008126704694 -0.0003544818801)
(0.0665 0.008126704694 -0.0003544818801)
(0.072 0.008126704694 -0.0003544818801)
(0.0775 0.008126704694 -0.0003544818801)
(0.083 0.008126704694 -0.0003544818801)
(0.0885 0.008126704694 -0.0003544818801)
(0.094 0.008126704694 -0.0003544818801)
(0.0995 0.008126704694 -0.0003544818801)
(0.105 0.008126704694 -0.0003544818801)
(0.1105 0.008126704694 -0.0003544818801)
(0.116 0.008126704694 -0.0003544818801)
(0.1215 0.008126704694 -0.0003544818801)
(0.127 0.008126704694 -0.0003544818801)
(0.1325 0.008126704694 -0.0003544818801)
(0.138 0.008126704694 -0.0003544818801)
(0.1435 0.008126704694 -0.0003544818801)
(0.149 0.008126704694 -0.0003544818801)
(0.1545 0.008126704694 -0.0003544818801)
(0.16 0.008126704694 -0.0003544818801)
(0.1655 0.008126704694 -0.0003544818801)
(0.171 0.008126704694 -0.0003544818801)
(0.1765 0.008126704694 -0.0003544818801)
(0.182 0.008126704694 -0.0003544818801)
(0.1875 0.008126704694 -0.0003544818801)
(0.193 0.008126704694 -0.0003544818801)
(0.1985 0.008126704694 -0.0003544818801)
(0.204 0.008126704694 -0.0003544818801)
(0.2095 0.008126704694 -0.0003544818801)
(0.215 0.008126704694 -0.0003544818801)
(0.2205 0.008126704694 -0.0003544818801)
(0.226 0.008126704694 -0.0003544818801)
(0.2315 0.008126704694 -0.0003544818801)
(0.237 0.008126704694 -0.0003544818801)
(0.2425 0.008126704694 -0.0003544818801)
(0.248 0.008126704694 -0.0003544818801)
(0.2535 0.008126704694 -0.0003544818801)
(0.259 0.008126704694 -0.0003544818801)
(0.2645 0.008126704694 -0.0003544818801)
(0.27 0.008126704694 -0.0003544818801)
(0.2755 0.008126704694 -0.0003544818801)
(0.281 0.008126704694 -0.0003544818801)
(0.2865 0.008126704694 -0.0003544818801)
(0.292 0.008126704694 -0.0003544818801)
(0.2975 0.008126704694 -0.0003544818801)
(0.303 0.008126704694 -0.0003544818801)
(0.3085 0.008126704694 -0.0003544818801)
(0.314 0.008126704694 -0.0003544818801)
(0.3195 0.008126704694 -0.0003544818801)
(0.325 0.008126704694 -0.0003544818801)
(0.3305 0.008126704694 -0.0003544818801)
(0.336 0.008126704694 -0.0003544818801)
(0.3415 0.008126704694 -0.0003544818801)
(0.347 0.008126704694 -0.0003544818801)
(0.3525 0.008126704694 -0.0003544818801)
(0.358 0.008126704694 -0.0003544818801)
(0.3635 0.008126704694 -0.0003544818801)
(0.369 0.008126704694 -0.0003544818801)
(0.3745 0.008126704694 -0.0003544818801)
(0.38 0.008126704694 -0.0003544818801)
(0.3855 0.008126704694 -0.0003544818801)
(0.391 0.008126704694 -0.0003544818801)
(0.3965 0.008126704694 -0.0003544818801)
(0.402 0.008126704694 -0.0003544818801)
(0.4075 0.008126704694 -0.0003544818801)
(0.413 0.008126704694 -0.0003544818801)
(0.4185 0.008126704694 -0.0003544818801)
(0.424 0.008126704694 -0.0003544818801)
(0.4295 0.008126704694 -0.0003544818801)
(0.435 0.008126704694 -0.0003544818801)
(0.4405 0.008126704694 -0.0003544818801)
(0.446 0.008126704694 -0.0003544818801)
(0.4515 0.008126704694 -0.0003544818801)
(0.457 0.008126704694 -0.0003544818801)
(0.4625 0.008126704694 -0.0003544818801)
(0.468 0.008126704694 -0.0003544818801)
(0.4735 0.008126704694 -0.0003544818801)
(0.479 0.008126704694 -0.0003544818801)
(0.4845 0.008126704694 -0.0003544818801)
(0.49 0.008126704694 -0.0003544818801)
(0.4955 0.008126704694 -0.0003544818801)
(0.501 0.008126704694 -0.0003544818801)
(0.5065 0.008126704694 -0.0003544818801)
(0.512 0.008126704694 -0.0003544818801)
(0.5175 0.008126704694 -0.0003544818801)
(0.523 0.008126704694 -0.0003544818801)
(0.5285 0.008126704694 -0.0003544818801)
(0.534 0.008126704694 -0.0003544818801)
(0.5395 0.008126704694 -0.0003544818801)
(0.545 0.008126704694 -0.0003544818801)
(0.5505 0.008126704694 -0.0003544818801)
(0.556 0.008126704694 -0.0003544818801)
(0.5615 0.008126704694 -0.0003544818801)
(0.567 0.008126704694 -0.0003544818801)
(0.5725 0.008126704694 -0.0003544818801)
(0.578 0.008126704694 -0.0003544818801)
(0.5835 0.008126704694 -0.0003544818801)
(0.589 0.008126704694 -0.0003544818801)
(0.5945 0.008126704694 -0.0003544818801)
(0.6 0.008126704694 -0.0003544818801)
(-0.5 0.01011038589 -0.0004410088385)
(-0.4945 0.01011038589 -0.0004410088385)
(-0.489 0.01011038589 -0.0004410088385)
(-0.4835 0.01011038589 -0.0004410088385)
(-0.478 0.01011038589 -0.0004410088385)
(-0.4725 0.01011038589 -0.0004410088385)
(-0.467 0.01011038589 -0.0004410088385)
(-0.4615 0.01011038589 -0.0004410088385)
(-0.456 0.01011038589 -0.0004410088385)
(-0.4505 0.01011038589 -0.0004410088385)
(-0.445 0.01011038589 -0.0004410088385)
(-0.4395 0.01011038589 -0.0004410088385)
(-0.434 0.01011038589 -0.0004410088385)
(-0.4285 0.01011038589 -0.0004410088385)
(-0.423 0.01011038589 -0.0004410088385)
(-0.4175 0.01011038589 -0.0004410088385)
(-0.412 0.01011038589 -0.0004410088385)
(-0.4065 0.01011038589 -0.0004410088385)
(-0.401 0.01011038589 -0.0004410088385)
(-0.3955 0.01011038589 -0.0004410088385)
(-0.39 0.01011038589 -0.0004410088385)
(-0.3845 0.01011038589 -0.0004410088385)
(-0.379 0.01011038589 -0.0004410088385)
(-0.3735 0.01011038589 -0.0004410088385)
(-0.368 0.01011038589 -0.0004410088385)
(-0.3625 0.01011038589 -0.0004410088385)
(-0.357 0.01011038589 -0.0004410088385)
(-0.3515 0.01011038589 -0.0004410088385)
(-0.346 0.01011038589 -0.0004410088385)
(-0.3405 0.01011038589 -0.0004410088385)
(-0.335 0.01011038589 -0.0004410088385)
(-0.3295 0.01011038589 -0.0004410088385)
(-0.324 0.01011038589 -0.0004410088385)
(-0.3185 0.01011038589 -0.0004410088385)
(-0.313 0.01011038589 -0.0004410088385)
(-0.3075 0.01011038589 -0.0004410088385)
(-0.302 0.01011038589 -0.0004410088385)
(-0.2965 0.01011038589 -0.0004410088385)
(-0.291 0.01011038589 -0.0004410088385)
(-0.2855 0.01011038589 -0.0004410088385)
(-0.28 0.01011038589 -0.0004410088385)
(-0.2745 0.01011038589 -0.0004410088385)
(-0.269 0.01011038589 -0.0004410088385)
(-0.2635 0.01011038589 -0.0004410088385)
(-0.258 0.01011038589 -0.0004410088385)
(-0.2525 0.01011038589 -0.0004410088385)
(-0.247 0.01011038589 -0.0004410088385)
(-0.2415 0.01011038589 -0.0004410088385)
(-0.236 0.01011038589 -0.0004410088385)
(-0.2305 0.01011038589 -0.0004410088385)
(-0.225 0.01011038589 -0.0004410088385)
(-0.2195 0.01011038589 -0.0004410088385)
(-0.214 0.01011038589 -0.0004410088385)
(-0.2085 0.01011038589 -0.0004410088385)
(-0.203 0.01011038589 -0.0004410088385)
(-0.1975 0.01011038589 -0.0004410088385)
(-0.192 0.01011038589 -0.0004410088385)
(-0.1865 0.01011038589 -0.0004410088385)
(-0.181 0.01011038589 -0.0004410088385)
(-0.1755 0.01011038589 -0.0004410088385)
(-0.17 0.01011038589 -0.0004410088385)
(-0.1645 0.01011038589 -0.0004410088385)
(-0.159 0.01011038589 -0.0004410088385)
(-0.1535 0.01011038589 -0.0004410088385)
(-0.148 0.01011038589 -0.0004410088385)
(-0.1425 0.01011038589 -0.0004410088385)
(-0.137 0.01011038589 -0.0004410088385)
(-0.1315 0.01011038589 -0.0004410088385)
(-0.126 0.01011038589 -0.0004410088385)
(-0.1205 0.01011038589 -0.0004410088385)
(-0.115 0.01011038589 -0.0004410088385)
(-0.1095 0.01011038589 -0.0004410088385)
(-0.104 0.01011038589 -0.0004410088385)
(-0.0985 0.01011038589 -0.0004410088385)
(-0.093 0.01011038589 -0.0004410088385)
(-0.0875 0.01011038589 -0.0004410088385)
(-0.082 0.01011038589 -0.0004410088385)
(-0.0765 0.01011038589 -0.0004410088385)
(-0.071 0.01011038589 -0.0004410088385)
(-0.0655 0.01011038589 -0.0004410088385)
(-0.06 0.01011038589 -0.0004410088385)
(-0.0545 0.01011038589 -0.0004410088385)
(-0.049 0.01011038589 -0.0004410088385)
(-0.0435 0.01011038589 -0.0004410088385)
(-0.038 0.01011038589 -0.0004410088385)
(-0.0325 0.01011038589 -0.0004410088385)
(-0.027 0.01011038589 -0.0004410088385)
(-0.0215 0.01011038589 -0.0004410088385)
(-0.016 0.01011038589 -0.0004410088385)
(-0.0105 0.01011038589 -0.0004410088385)
(-0.005 0.01011038589 -0.0004410088385)
(0.0005 0.01011038589 -0.0004410088385)
(0.006 0.01011038589 -0.0004410088385)
(0.0115 0.01011038589 -0.0004410088385)
(0.017 0.01011038589 -0.0004410088385)
(0.0225 0.01011038589 -0.0004410088385)
(0.028 0.01011038589 -0.0004410088385)
(0.0335 0.01011038589 -0.0004410088385)
(0.039 0.01011038589 -0.0004410088385)
(0.0445 0.01011038589 -0.0004410088385)
(0.05 0.01011038589 -0.0004410088385)
(0.0555 0.01011038589 -0.0004410088385)
(0.061 0.01011038589 -0.0004410088385)
(0.0665 0.01011038589 -0.0004410088385)
(0.072 0.01011038589 -0.0004410088385)
(0.0775 0.01011038589 -0.0004410088385)
(0.083 0.01011038589 -0.0004410088385)
(0.0885 0.01011038589 -0.0004410088385)
(0.094 0.01011038589 -0.0004410088385)
(0.0995 0.01011038589 -0.0004410088385)
(0.105 0.01011038589 -0.0004410088385)
(0.1105 0.01011038589 -0.0004410088385)
(0.116 0.01011038589 -0.0004410088385)
(0.1215 0.01011038589 -0.0004410088385)
(0.127 0.01011038589 -0.0004410088385)
(0.1325 0.01011038589 -0.0004410088385)
(0.138 0.01011038589 -0.0004410088385)
(0.1435 0.01011038589 -0.0004410088385)
(0.149 0.01011038589 -0.0004410088385)
(0.1545 0.01011038589 -0.0004410088385)
(0.16 0.01011038589 -0.0004410088385)
(0.1655 0.01011038589 -0.0004410088385)
(0.171 0.01011038589 -0.0004410088385)
(0.1765 0.01011038589 -0.0004410088385)
(0.182 0.01011038589 -0.0004410088385)
(0.1875 0.01011038589 -0.0004410088385)
(0.193 0.01011038589 -0.0004410088385)
(0.1985 0.01011038589 -0.0004410088385)
(0.204 0.01011038589 -0.0004410088385)
(0.2095 0.01011038589 -0.0004410088385)
(0.215 0.01011038589 -0.0004410088385)
(0.2205 0.01011038589 -0.0004410088385)
(0.226 0.01011038589 -0.0004410088385)
(0.2315 0.01011038589 -0.0004410088385)
(0.237 0.01011038589 -0.0004410088385)
(0.2425 0.01011038589 -0.0004410088385)
(0.248 0.01011038589 -0.0004410088385)
(0.2535 0.01011038589 -0.0004410088385)
(0.259 0.01011038589 -0.0004410088385)
(0.2645 0.01011038589 -0.0004410088385)
(0.27 0.01011038589 -0.0004410088385)
(0.2755 0.01011038589 -0.0004410088385)
(0.281 0.01011038589 -0.0004410088385)
(0.2865 0.01011038589 -0.0004410088385)
(0.292 0.01011038589 -0.0004410088385)
(0.2975 0.01011038589 -0.0004410088385)
(0.303 0.01011038589 -0.0004410088385)
(0.3085 0.01011038589 -0.0004410088385)
(0.314 0.01011038589 -0.0004410088385)
(0.3195 0.01011038589 -0.0004410088385)
(0.325 0.01011038589 -0.0004410088385)
(0.3305 0.01011038589 -0.0004410088385)
(0.336 0.01011038589 -0.0004410088385)
(0.3415 0.01011038589 -0.0004410088385)
(0.347 0.01011038589 -0.0004410088385)
(0.3525 0.01011038589 -0.0004410088385)
(0.358 0.01011038589 -0.0004410088385)
(0.3635 0.01011038589 -0.0004410088385)
(0.369 0.01011038589 -0.0004410088385)
(0.3745 0.01011038589 -0.0004410088385)
(0.38 0.01011038589 -0.0004410088385)
(0.3855 0.01011038589 -0.0004410088385)
(0.391 0.01011038589 -0.0004410088385)
(0.3965 0.01011038589 -0.0004410088385)
(0.402 0.01011038589 -0.0004410088385)
(0.4075 0.01011038589 -0.0004410088385)
(0.413 0.01011038589 -0.0004410088385)
(0.4185 0.01011038589 -0.0004410088385)
(0.424 0.01011038589 -0.0004410088385)
(0.4295 0.01011038589 -0.0004410088385)
(0.435 0.01011038589 -0.0004410088385)
(0.4405 0.01011038589 -0.0004410088385)
(0.446 0.01011038589 -0.0004410088385)
(0.4515 0.01011038589 -0.0004410088385)
(0.457 0.01011038589 -0.0004410088385)
(0.4625 0.01011038589 -0.0004410088385)
(0.468 0.01011038589 -0.0004410088385)
(0.4735 0.01011038589 -0.0004410088385)
(0.479 0.01011038589 -0.0004410088385)
(0.4845 0.01011038589 -0.0004410088385)
(0.49 0.01011038589 -0.0004410088385)
(0.4955 0.01011038589 -0.0004410088385)
(0.501 0.01011038589 -0.0004410088385)
(0.5065 0.01011038589 -0.0004410088385)
(0.512 0.01011038589 -0.0004410088385)
(0.5175 0.01011038589 -0.0004410088385)
(0.523 0.01011038589 -0.0004410088385)
(0.5285 0.01011038589 -0.0004410088385)
(0.534 0.01011038589 -0.0004410088385)
(0.5395 0.01011038589 -0.0004410088385)
(0.545 0.01011038589 -0.0004410088385)
(0.5505 0.01011038589 -0.0004410088385)
(0.556 0.01011038589 -0.0004410088385)
(0.5615 0.01011038589 -0.0004410088385)
(0.567 0.01011038589 -0.0004410088385)
(0.5725 0.01011038589 -0.0004410088385)
(0.578 0.01011038589 -0.0004410088385)
(0.5835 0.01011038589 -0.0004410088385)
(0.589 0.01011038589 -0.0004410088385)
(0.5945 0.01011038589 -0.0004410088385)
(0.6 0.01011038589 -0.0004410088385)
(-0.5 0.01136200411 -0.0004956036585)
(-0.4945 0.01136200411 -0.0004956036585)
(-0.489 0.01136200411 -0.0004956036585)
(-0.4835 0.01136200411 -0.0004956036585)
(-0.478 0.01136200411 -0.0004956036585)
(-0.4725 0.01136200411 -0.0004956036585)
(-0.467 0.01136200411 -0.0004956036585)
(-0.4615 0.01136200411 -0.0004956036585)
(-0.456 0.01136200411 -0.0004956036585)
(-0.4505 0.01136200411 -0.0004956036585)
(-0.445 0.01136200411 -0.0004956036585)
(-0.4395 0.01136200411 -0.0004956036585)
(-0.434 0.01136200411 -0.0004956036585)
(-0.4285 0.01136200411 -0.0004956036585)
(-0.423 0.01136200411 -0.0004956036585)
(-0.4175 0.01136200411 -0.0004956036585)
(-0.412 0.01136200411 -0.0004956036585)
(-0.4065 0.01136200411 -0.0004956036585)
(-0.401 0.01136200411 -0.0004956036585)
(-0.3955 0.01136200411 -0.0004956036585)
(-0.39 0.01136200411 -0.0004956036585)
(-0.3845 0.01136200411 -0.0004956036585)
(-0.379 0.01136200411 -0.0004956036585)
(-0.3735 0.01136200411 -0.0004956036585)
(-0.368 0.01136200411 -0.0004956036585)
(-0.3625 0.01136200411 -0.0004956036585)
(-0.357 0.01136200411 -0.0004956036585)
(-0.3515 0.01136200411 -0.0004956036585)
(-0.346 0.01136200411 -0.0004956036585)
(-0.3405 0.01136200411 -0.0004956036585)
(-0.335 0.01136200411 -0.0004956036585)
(-0.3295 0.01136200411 -0.0004956036585)
(-0.324 0.01136200411 -0.0004956036585)
(-0.3185 0.01136200411 -0.0004956036585)
(-0.313 0.01136200411 -0.0004956036585)
(-0.3075 0.01136200411 -0.0004956036585)
(-0.302 0.01136200411 -0.0004956036585)
(-0.2965 0.01136200411 -0.0004956036585)
(-0.291 0.01136200411 -0.0004956036585)
(-0.2855 0.01136200411 -0.0004956036585)
(-0.28 0.01136200411 -0.0004956036585)
(-0.2745 0.01136200411 -0.0004956036585)
(-0.269 0.01136200411 -0.0004956036585)
(-0.2635 0.01136200411 -0.0004956036585)
(-0.258 0.01136200411 -0.0004956036585)
(-0.2525 0.01136200411 -0.0004956036585)
(-0.247 0.01136200411 -0.0004956036585)
(-0.2415 0.01136200411 -0.0004956036585)
(-0.236 0.01136200411 -0.0004956036585)
(-0.2305 0.01136200411 -0.0004956036585)
(-0.225 0.01136200411 -0.0004956036585)
(-0.2195 0.01136200411 -0.0004956036585)
(-0.214 0.01136200411 -0.0004956036585)
(-0.2085 0.01136200411 -0.0004956036585)
(-0.203 0.01136200411 -0.0004956036585)
(-0.1975 0.01136200411 -0.0004956036585)
(-0.192 0.01136200411 -0.0004956036585)
(-0.1865 0.01136200411 -0.0004956036585)
(-0.181 0.01136200411 -0.0004956036585)
(-0.1755 0.01136200411 -0.0004956036585)
(-0.17 0.01136200411 -0.0004956036585)
(-0.1645 0.01136200411 -0.0004956036585)
(-0.159 0.01136200411 -0.0004956036585)
(-0.1535 0.01136200411 -0.0004956036585)
(-0.148 0.01136200411 -0.0004956036585)
(-0.1425 0.01136200411 -0.0004956036585)
(-0.137 0.01136200411 -0.0004956036585)
(-0.1315 0.01136200411 -0.0004956036585)
(-0.126 0.01136200411 -0.0004956036585)
(-0.1205 0.01136200411 -0.0004956036585)
(-0.115 0.01136200411 -0.0004956036585)
(-0.1095 0.01136200411 -0.0004956036585)
(-0.104 0.01136200411 -0.0004956036585)
(-0.0985 0.01136200411 -0.0004956036585)
(-0.093 0.01136200411 -0.0004956036585)
(-0.0875 0.01136200411 -0.0004956036585)
(-0.082 0.01136200411 -0.0004956036585)
(-0.0765 0.01136200411 -0.0004956036585)
(-0.071 0.01136200411 -0.0004956036585)
(-0.0655 0.01136200411 -0.0004956036585)
(-0.06 0.01136200411 -0.0004956036585)
(-0.0545 0.01136200411 -0.0004956036585)
(-0.049 0.01136200411 -0.0004956036585)
(-0.0435 0.01136200411 -0.0004956036585)
(-0.038 0.01136200411 -0.0004956036585)
(-0.0325 0.01136200411 -0.0004956036585)
(-0.027 0.01136200411 -0.0004956036585)
(-0.0215 0.01136200411 -0.0004956036585)
(-0.016 0.01136200411 -0.0004956036585)
(-0.0105 0.01136200411 -0.0004956036585)
(-0.005 0.01136200411 -0.0004956036585)
(0.0005 0.01136200411 -0.0004956036585)
(0.006 0.01136200411 -0.0004956036585)
(0.0115 0.01136200411 -0.0004956036585)
(0.017 0.01136200411 -0.0004956036585)
(0.0225 0.01136200411 -0.0004956036585)
(0.028 0.01136200411 -0.0004956036585)
(0.0335 0.01136200411 -0.0004956036585)
(0.039 0.01136200411 -0.0004956036585)
(0.0445 0.01136200411 -0.0004956036585)
(0.05 0.01136200411 -0.0004956036585)
(0.0555 0.01136200411 -0.0004956036585)
(0.061 0.01136200411 -0.0004956036585)
(0.0665 0.01136200411 -0.0004956036585)
(0.072 0.01136200411 -0.0004956036585)
(0.0775 0.01136200411 -0.0004956036585)
(0.083 0.01136200411 -0.0004956036585)
(0.0885 0.01136200411 -0.0004956036585)
(0.094 0.01136200411 -0.0004956036585)
(0.0995 0.01136200411 -0.0004956036585)
(0.105 0.01136200411 -0.0004956036585)
(0.1105 0.01136200411 -0.0004956036585)
(0.116 0.01136200411 -0.0004956036585)
(0.1215 0.01136200411 -0.0004956036585)
(0.127 0.01136200411 -0.0004956036585)
(0.1325 0.01136200411 -0.0004956036585)
(0.138 0.01136200411 -0.0004956036585)
(0.1435 0.01136200411 -0.0004956036585)
(0.149 0.01136200411 -0.0004956036585)
(0.1545 0.01136200411 -0.0004956036585)
(0.16 0.01136200411 -0.0004956036585)
(0.1655 0.01136200411 -0.0004956036585)
(0.171 0.01136200411 -0.0004956036585)
(0.1765 0.01136200411 -0.0004956036585)
(0.182 0.01136200411 -0.0004956036585)
(0.1875 0.01136200411 -0.0004956036585)
(0.193 0.01136200411 -0.0004956036585)
(0.1985 0.01136200411 -0.0004956036585)
(0.204 0.01136200411 -0.0004956036585)
(0.2095 0.01136200411 -0.0004956036585)
(0.215 0.01136200411 -0.0004956036585)
(0.2205 0.01136200411 -0.0004956036585)
(0.226 0.01136200411 -0.0004956036585)
(0.2315 0.01136200411 -0.0004956036585)
(0.237 0.01136200411 -0.0004956036585)
(0.2425 0.01136200411 -0.0004956036585)
(0.248 0.01136200411 -0.0004956036585)
(0.2535 0.01136200411 -0.0004956036585)
(0.259 0.01136200411 -0.0004956036585)
(0.2645 0.01136200411 -0.0004956036585)
(0.27 0.01136200411 -0.0004956036585)
(0.2755 0.01136200411 -0.0004956036585)
(0.281 0.01136200411 -0.0004956036585)
(0.2865 0.01136200411 -0.0004956036585)
(0.292 0.01136200411 -0.0004956036585)
(0.2975 0.01136200411 -0.0004956036585)
(0.303 0.01136200411 -0.0004956036585)
(0.3085 0.01136200411 -0.0004956036585)
(0.314 0.01136200411 -0.0004956036585)
(0.3195 0.01136200411 -0.0004956036585)
(0.325 0.01136200411 -0.0004956036585)
(0.3305 0.01136200411 -0.0004956036585)
(0.336 0.01136200411 -0.0004956036585)
(0.3415 0.01136200411 -0.0004956036585)
(0.347 0.01136200411 -0.0004956036585)
(0.3525 0.01136200411 -0.0004956036585)
(0.358 0.01136200411 -0.0004956036585)
(0.3635 0.01136200411 -0.0004956036585)
(0.369 0.01136200411 -0.0004956036585)
(0.3745 0.01136200411 -0.0004956036585)
(0.38 0.01136200411 -0.0004956036585)
(0.3855 0.01136200411 -0.0004956036585)
(0.391 0.01136200411 -0.0004956036585)
(0.3965 0.01136200411 -0.0004956036585)
(0.402 0.01136200411 -0.0004956036585)
(0.4075 0.01136200411 -0.0004956036585)
(0.413 0.01136200411 -0.0004956036585)
(0.4185 0.01136200411 -0.0004956036585)
(0.424 0.01136200411 -0.0004956036585)
(0.4295 0.01136200411 -0.0004956036585)
(0.435 0.01136200411 -0.0004956036585)
(0.4405 0.01136200411 -0.0004956036585)
(0.446 0.01136200411 -0.0004956036585)
(0.4515 0.01136200411 -0.0004956036585)
(0.457 0.01136200411 -0.0004956036585)
(0.4625 0.01136200411 -0.0004956036585)
(0.468 0.01136200411 -0.0004956036585)
(0.4735 0.01136200411 -0.0004956036585)
(0.479 0.01136200411 -0.0004956036585)
(0.4845 0.01136200411 -0.0004956036585)
(0.49 0.01136200411 -0.0004956036585)
(0.4955 0.01136200411 -0.0004956036585)
(0.501 0.01136200411 -0.0004956036585)
(0.5065 0.01136200411 -0.0004956036585)
(0.512 0.01136200411 -0.0004956036585)
(0.5175 0.01136200411 -0.0004956036585)
(0.523 0.01136200411 -0.0004956036585)
(0.5285 0.01136200411 -0.0004956036585)
(0.534 0.01136200411 -0.0004956036585)
(0.5395 0.01136200411 -0.0004956036585)
(0.545 0.01136200411 -0.0004956036585)
(0.5505 0.01136200411 -0.0004956036585)
(0.556 0.01136200411 -0.0004956036585)
(0.5615 0.01136200411 -0.0004956036585)
(0.567 0.01136200411 -0.0004956036585)
(0.5725 0.01136200411 -0.0004956036585)
(0.578 0.01136200411 -0.0004956036585)
(0.5835 0.01136200411 -0.0004956036585)
(0.589 0.01136200411 -0.0004956036585)
(0.5945 0.01136200411 -0.0004956036585)
(0.6 0.01136200411 -0.0004956036585)
(-0.5 0.01215172181 -0.0005300506608)
(-0.4945 0.01215172181 -0.0005300506608)
(-0.489 0.01215172181 -0.0005300506608)
(-0.4835 0.01215172181 -0.0005300506608)
(-0.478 0.01215172181 -0.0005300506608)
(-0.4725 0.01215172181 -0.0005300506608)
(-0.467 0.01215172181 -0.0005300506608)
(-0.4615 0.01215172181 -0.0005300506608)
(-0.456 0.01215172181 -0.0005300506608)
(-0.4505 0.01215172181 -0.0005300506608)
(-0.445 0.01215172181 -0.0005300506608)
(-0.4395 0.01215172181 -0.0005300506608)
(-0.434 0.01215172181 -0.0005300506608)
(-0.4285 0.01215172181 -0.0005300506608)
(-0.423 0.01215172181 -0.0005300506608)
(-0.4175 0.01215172181 -0.0005300506608)
(-0.412 0.01215172181 -0.0005300506608)
(-0.4065 0.01215172181 -0.0005300506608)
(-0.401 0.01215172181 -0.0005300506608)
(-0.3955 0.01215172181 -0.0005300506608)
(-0.39 0.01215172181 -0.0005300506608)
(-0.3845 0.01215172181 -0.0005300506608)
(-0.379 0.01215172181 -0.0005300506608)
(-0.3735 0.01215172181 -0.0005300506608)
(-0.368 0.01215172181 -0.0005300506608)
(-0.3625 0.01215172181 -0.0005300506608)
(-0.357 0.01215172181 -0.0005300506608)
(-0.3515 0.01215172181 -0.0005300506608)
(-0.346 0.01215172181 -0.0005300506608)
(-0.3405 0.01215172181 -0.0005300506608)
(-0.335 0.01215172181 -0.0005300506608)
(-0.3295 0.01215172181 -0.0005300506608)
(-0.324 0.01215172181 -0.0005300506608)
(-0.3185 0.01215172181 -0.0005300506608)
(-0.313 0.01215172181 -0.0005300506608)
(-0.3075 0.01215172181 -0.0005300506608)
(-0.302 0.01215172181 -0.0005300506608)
(-0.2965 0.01215172181 -0.0005300506608)
(-0.291 0.01215172181 -0.0005300506608)
(-0.2855 0.01215172181 -0.0005300506608)
(-0.28 0.01215172181 -0.0005300506608)
(-0.2745 0.01215172181 -0.0005300506608)
(-0.269 0.01215172181 -0.0005300506608)
(-0.2635 0.01215172181 -0.0005300506608)
(-0.258 0.01215172181 -0.0005300506608)
(-0.2525 0.01215172181 -0.0005300506608)
(-0.247 0.01215172181 -0.0005300506608)
(-0.2415 0.01215172181 -0.0005300506608)
(-0.236 0.01215172181 -0.0005300506608)
(-0.2305 0.01215172181 -0.0005300506608)
(-0.225 0.01215172181 -0.0005300506608)
(-0.2195 0.01215172181 -0.0005300506608)
(-0.214 0.01215172181 -0.0005300506608)
(-0.2085 0.01215172181 -0.0005300506608)
(-0.203 0.01215172181 -0.0005300506608)
(-0.1975 0.01215172181 -0.0005300506608)
(-0.192 0.01215172181 -0.0005300506608)
(-0.1865 0.01215172181 -0.0005300506608)
(-0.181 0.01215172181 -0.0005300506608)
(-0.1755 0.01215172181 -0.0005300506608)
(-0.17 0.01215172181 -0.0005300506608)
(-0.1645 0.01215172181 -0.0005300506608)
(-0.159 0.01215172181 -0.0005300506608)
(-0.1535 0.01215172181 -0.0005300506608)
(-0.148 0.01215172181 -0.0005300506608)
(-0.1425 0.01215172181 -0.0005300506608)
(-0.137 0.01215172181 -0.0005300506608)
(-0.1315 0.01215172181 -0.0005300506608)
(-0.126 0.01215172181 -0.0005300506608)
(-0.1205 0.01215172181 -0.0005300506608)
(-0.115 0.01215172181 -0.0005300506608)
(-0.1095 0.01215172181 -0.0005300506608)
(-0.104 0.01215172181 -0.0005300506608)
(-0.0985 0.01215172181 -0.0005300506608)
(-0.093 0.01215172181 -0.0005300506608)
(-0.0875 0.01215172181 -0.0005300506608)
(-0.082 0.01215172181 -0.0005300506608)
(-0.0765 0.01215172181 -0.0005300506608)
(-0.071 0.01215172181 -0.0005300506608)
(-0.0655 0.01215172181 -0.0005300506608)
(-0.06 0.01215172181 -0.0005300506608)
(-0.0545 0.01215172181 -0.0005300506608)
(-0.049 0.01215172181 -0.0005300506608)
(-0.0435 0.01215172181 -0.0005300506608)
(-0.038 0.01215172181 -0.0005300506608)
(-0.0325 0.01215172181 -0.0005300506608)
(-0.027 0.01215172181 -0.0005300506608)
(-0.0215 0.01215172181 -0.0005300506608)
(-0.016 0.01215172181 -0.0005300506608)
(-0.0105 0.01215172181 -0.0005300506608)
(-0.005 0.01215172181 -0.0005300506608)
(0.0005 0.01215172181 -0.0005300506608)
(0.006 0.01215172181 -0.0005300506608)
(0.0115 0.01215172181 -0.0005300506608)
(0.017 0.01215172181 -0.0005300506608)
(0.0225 0.01215172181 -0.0005300506608)
(0.028 0.01215172181 -0.0005300506608)
(0.0335 0.01215172181 -0.0005300506608)
(0.039 0.01215172181 -0.0005300506608)
(0.0445 0.01215172181 -0.0005300506608)
(0.05 0.01215172181 -0.0005300506608)
(0.0555 0.01215172181 -0.0005300506608)
(0.061 0.01215172181 -0.0005300506608)
(0.0665 0.01215172181 -0.0005300506608)
(0.072 0.01215172181 -0.0005300506608)
(0.0775 0.01215172181 -0.0005300506608)
(0.083 0.01215172181 -0.0005300506608)
(0.0885 0.01215172181 -0.0005300506608)
(0.094 0.01215172181 -0.0005300506608)
(0.0995 0.01215172181 -0.0005300506608)
(0.105 0.01215172181 -0.0005300506608)
(0.1105 0.01215172181 -0.0005300506608)
(0.116 0.01215172181 -0.0005300506608)
(0.1215 0.01215172181 -0.0005300506608)
(0.127 0.01215172181 -0.0005300506608)
(0.1325 0.01215172181 -0.0005300506608)
(0.138 0.01215172181 -0.0005300506608)
(0.1435 0.01215172181 -0.0005300506608)
(0.149 0.01215172181 -0.0005300506608)
(0.1545 0.01215172181 -0.0005300506608)
(0.16 0.01215172181 -0.0005300506608)
(0.1655 0.01215172181 -0.0005300506608)
(0.171 0.01215172181 -0.0005300506608)
(0.1765 0.01215172181 -0.0005300506608)
(0.182 0.01215172181 -0.0005300506608)
(0.1875 0.01215172181 -0.0005300506608)
(0.193 0.01215172181 -0.0005300506608)
(0.1985 0.01215172181 -0.0005300506608)
(0.204 0.01215172181 -0.0005300506608)
(0.2095 0.01215172181 -0.0005300506608)
(0.215 0.01215172181 -0.0005300506608)
(0.2205 0.01215172181 -0.0005300506608)
(0.226 0.01215172181 -0.0005300506608)
(0.2315 0.01215172181 -0.0005300506608)
(0.237 0.01215172181 -0.0005300506608)
(0.2425 0.01215172181 -0.0005300506608)
(0.248 0.01215172181 -0.0005300506608)
(0.2535 0.01215172181 -0.0005300506608)
(0.259 0.01215172181 -0.0005300506608)
(0.2645 0.01215172181 -0.0005300506608)
(0.27 0.01215172181 -0.0005300506608)
(0.2755 0.01215172181 -0.0005300506608)
(0.281 0.01215172181 -0.0005300506608)
(0.2865 0.01215172181 -0.0005300506608)
(0.292 0.01215172181 -0.0005300506608)
(0.2975 0.01215172181 -0.0005300506608)
(0.303 0.01215172181 -0.0005300506608)
(0.3085 0.01215172181 -0.0005300506608)
(0.314 0.01215172181 -0.0005300506608)
(0.3195 0.01215172181 -0.0005300506608)
(0.325 0.01215172181 -0.0005300506608)
(0.3305 0.01215172181 -0.0005300506608)
(0.336 0.01215172181 -0.0005300506608)
(0.3415 0.01215172181 -0.0005300506608)
(0.347 0.01215172181 -0.0005300506608)
(0.3525 0.01215172181 -0.0005300506608)
(0.358 0.01215172181 -0.0005300506608)
(0.3635 0.01215172181 -0.0005300506608)
(0.369 0.01215172181 -0.0005300506608)
(0.3745 0.01215172181 -0.0005300506608)
(0.38 0.01215172181 -0.0005300506608)
(0.3855 0.01215172181 -0.0005300506608)
(0.391 0.01215172181 -0.0005300506608)
(0.3965 0.01215172181 -0.0005300506608)
(0.402 0.01215172181 -0.0005300506608)
(0.4075 0.01215172181 -0.0005300506608)
(0.413 0.01215172181 -0.0005300506608)
(0.4185 0.01215172181 -0.0005300506608)
(0.424 0.01215172181 -0.0005300506608)
(0.4295 0.01215172181 -0.0005300506608)
(0.435 0.01215172181 -0.0005300506608)
(0.4405 0.01215172181 -0.0005300506608)
(0.446 0.01215172181 -0.0005300506608)
(0.4515 0.01215172181 -0.0005300506608)
(0.457 0.01215172181 -0.0005300506608)
(0.4625 0.01215172181 -0.0005300506608)
(0.468 0.01215172181 -0.0005300506608)
(0.4735 0.01215172181 -0.0005300506608)
(0.479 0.01215172181 -0.0005300506608)
(0.4845 0.01215172181 -0.0005300506608)
(0.49 0.01215172181 -0.0005300506608)
(0.4955 0.01215172181 -0.0005300506608)
(0.501 0.01215172181 -0.0005300506608)
(0.5065 0.01215172181 -0.0005300506608)
(0.512 0.01215172181 -0.0005300506608)
(0.5175 0.01215172181 -0.0005300506608)
(0.523 0.01215172181 -0.0005300506608)
(0.5285 0.01215172181 -0.0005300506608)
(0.534 0.01215172181 -0.0005300506608)
(0.5395 0.01215172181 -0.0005300506608)
(0.545 0.01215172181 -0.0005300506608)
(0.5505 0.01215172181 -0.0005300506608)
(0.556 0.01215172181 -0.0005300506608)
(0.5615 0.01215172181 -0.0005300506608)
(0.567 0.01215172181 -0.0005300506608)
(0.5725 0.01215172181 -0.0005300506608)
(0.578 0.01215172181 -0.0005300506608)
(0.5835 0.01215172181 -0.0005300506608)
(0.589 0.01215172181 -0.0005300506608)
(0.5945 0.01215172181 -0.0005300506608)
(0.6 0.01215172181 -0.0005300506608)
(-0.5 0.01265 -0.0005517852502)
(-0.4945 0.01265 -0.0005517852502)
(-0.489 0.01265 -0.0005517852502)
(-0.4835 0.01265 -0.0005517852502)
(-0.478 0.01265 -0.0005517852502)
(-0.4725 0.01265 -0.0005517852502)
(-0.467 0.01265 -0.0005517852502)
(-0.4615 0.01265 -0.0005517852502)
(-0.456 0.01265 -0.0005517852502)
(-0.4505 0.01265 -0.0005517852502)
(-0.445 0.01265 -0.0005517852502)
(-0.4395 0.01265 -0.0005517852502)
(-0.434 0.01265 -0.0005517852502)
(-0.4285 0.01265 -0.0005517852502)
(-0.423 0.01265 -0.0005517852502)
(-0.4175 0.01265 -0.0005517852502)
(-0.412 0.01265 -0.0005517852502)
(-0.4065 0.01265 -0.0005517852502)
(-0.401 0.01265 -0.0005517852502)
(-0.3955 0.01265 -0.0005517852502)
(-0.39 0.01265 -0.0005517852502)
(-0.3845 0.01265 -0.0005517852502)
(-0.379 0.01265 -0.0005517852502)
(-0.3735 0.01265 -0.0005517852502)
(-0.368 0.01265 -0.0005517852502)
(-0.3625 0.01265 -0.0005517852502)
(-0.357 0.01265 -0.0005517852502)
(-0.3515 0.01265 -0.0005517852502)
(-0.346 0.01265 -0.0005517852502)
(-0.3405 0.01265 -0.0005517852502)
(-0.335 0.01265 -0.0005517852502)
(-0.3295 0.01265 -0.0005517852502)
(-0.324 0.01265 -0.0005517852502)
(-0.3185 0.01265 -0.0005517852502)
(-0.313 0.01265 -0.0005517852502)
(-0.3075 0.01265 -0.0005517852502)
(-0.302 0.01265 -0.0005517852502)
(-0.2965 0.01265 -0.0005517852502)
(-0.291 0.01265 -0.0005517852502)
(-0.2855 0.01265 -0.0005517852502)
(-0.28 0.01265 -0.0005517852502)
(-0.2745 0.01265 -0.0005517852502)
(-0.269 0.01265 -0.0005517852502)
(-0.2635 0.01265 -0.0005517852502)
(-0.258 0.01265 -0.0005517852502)
(-0.2525 0.01265 -0.0005517852502)
(-0.247 0.01265 -0.0005517852502)
(-0.2415 0.01265 -0.0005517852502)
(-0.236 0.01265 -0.0005517852502)
(-0.2305 0.01265 -0.0005517852502)
(-0.225 0.01265 -0.0005517852502)
(-0.2195 0.01265 -0.0005517852502)
(-0.214 0.01265 -0.0005517852502)
(-0.2085 0.01265 -0.0005517852502)
(-0.203 0.01265 -0.0005517852502)
(-0.1975 0.01265 -0.0005517852502)
(-0.192 0.01265 -0.0005517852502)
(-0.1865 0.01265 -0.0005517852502)
(-0.181 0.01265 -0.0005517852502)
(-0.1755 0.01265 -0.0005517852502)
(-0.17 0.01265 -0.0005517852502)
(-0.1645 0.01265 -0.0005517852502)
(-0.159 0.01265 -0.0005517852502)
(-0.1535 0.01265 -0.0005517852502)
(-0.148 0.01265 -0.0005517852502)
(-0.1425 0.01265 -0.0005517852502)
(-0.137 0.01265 -0.0005517852502)
(-0.1315 0.01265 -0.0005517852502)
(-0.126 0.01265 -0.0005517852502)
(-0.1205 0.01265 -0.0005517852502)
(-0.115 0.01265 -0.0005517852502)
(-0.1095 0.01265 -0.0005517852502)
(-0.104 0.01265 -0.0005517852502)
(-0.0985 0.01265 -0.0005517852502)
(-0.093 0.01265 -0.0005517852502)
(-0.0875 0.01265 -0.0005517852502)
(-0.082 0.01265 -0.0005517852502)
(-0.0765 0.01265 -0.0005517852502)
(-0.071 0.01265 -0.0005517852502)
(-0.0655 0.01265 -0.0005517852502)
(-0.06 0.01265 -0.0005517852502)
(-0.0545 0.01265 -0.0005517852502)
(-0.049 0.01265 -0.0005517852502)
(-0.0435 0.01265 -0.0005517852502)
(-0.038 0.01265 -0.0005517852502)
(-0.0325 0.01265 -0.0005517852502)
(-0.027 0.01265 -0.0005517852502)
(-0.0215 0.01265 -0.0005517852502)
(-0.016 0.01265 -0.0005517852502)
(-0.0105 0.01265 -0.0005517852502)
(-0.005 0.01265 -0.0005517852502)
(0.0005 0.01265 -0.0005517852502)
(0.006 0.01265 -0.0005517852502)
(0.0115 0.01265 -0.0005517852502)
(0.017 0.01265 -0.0005517852502)
(0.0225 0.01265 -0.0005517852502)
(0.028 0.01265 -0.0005517852502)
(0.0335 0.01265 -0.0005517852502)
(0.039 0.01265 -0.0005517852502)
(0.0445 0.01265 -0.0005517852502)
(0.05 0.01265 -0.0005517852502)
(0.0555 0.01265 -0.0005517852502)
(0.061 0.01265 -0.0005517852502)
(0.0665 0.01265 -0.0005517852502)
(0.072 0.01265 -0.0005517852502)
(0.0775 0.01265 -0.0005517852502)
(0.083 0.01265 -0.0005517852502)
(0.0885 0.01265 -0.0005517852502)
(0.094 0.01265 -0.0005517852502)
(0.0995 0.01265 -0.0005517852502)
(0.105 0.01265 -0.0005517852502)
(0.1105 0.01265 -0.0005517852502)
(0.116 0.01265 -0.0005517852502)
(0.1215 0.01265 -0.0005517852502)
(0.127 0.01265 -0.0005517852502)
(0.1325 0.01265 -0.0005517852502)
(0.138 0.01265 -0.0005517852502)
(0.1435 0.01265 -0.0005517852502)
(0.149 0.01265 -0.0005517852502)
(0.1545 0.01265 -0.0005517852502)
(0.16 0.01265 -0.0005517852502)
(0.1655 0.01265 -0.0005517852502)
(0.171 0.01265 -0.0005517852502)
(0.1765 0.01265 -0.0005517852502)
(0.182 0.01265 -0.0005517852502)
(0.1875 0.01265 -0.0005517852502)
(0.193 0.01265 -0.0005517852502)
(0.1985 0.01265 -0.0005517852502)
(0.204 0.01265 -0.0005517852502)
(0.2095 0.01265 -0.0005517852502)
(0.215 0.01265 -0.0005517852502)
(0.2205 0.01265 -0.0005517852502)
(0.226 0.01265 -0.0005517852502)
(0.2315 0.01265 -0.0005517852502)
(0.237 0.01265 -0.0005517852502)
(0.2425 0.01265 -0.0005517852502)
(0.248 0.01265 -0.0005517852502)
(0.2535 0.01265 -0.0005517852502)
(0.259 0.01265 -0.0005517852502)
(0.2645 0.01265 -0.0005517852502)
(0.27 0.01265 -0.0005517852502)
(0.2755 0.01265 -0.0005517852502)
(0.281 0.01265 -0.0005517852502)
(0.2865 0.01265 -0.0005517852502)
(0.292 0.01265 -0.0005517852502)
(0.2975 0.01265 -0.0005517852502)
(0.303 0.01265 -0.0005517852502)
(0.3085 0.01265 -0.0005517852502)
(0.314 0.01265 -0.0005517852502)
(0.3195 0.01265 -0.0005517852502)
(0.325 0.01265 -0.0005517852502)
(0.3305 0.01265 -0.0005517852502)
(0.336 0.01265 -0.0005517852502)
(0.3415 0.01265 -0.0005517852502)
(0.347 0.01265 -0.0005517852502)
(0.3525 0.01265 -0.0005517852502)
(0.358 0.01265 -0.0005517852502)
(0.3635 0.01265 -0.0005517852502)
(0.369 0.01265 -0.0005517852502)
(0.3745 0.01265 -0.0005517852502)
(0.38 0.01265 -0.0005517852502)
(0.3855 0.01265 -0.0005517852502)
(0.391 0.01265 -0.0005517852502)
(0.3965 0.01265 -0.0005517852502)
(0.402 0.01265 -0.0005517852502)
(0.4075 0.01265 -0.0005517852502)
(0.413 0.01265 -0.0005517852502)
(0.4185 0.01265 -0.0005517852502)
(0.424 0.01265 -0.0005517852502)
(0.4295 0.01265 -0.0005517852502)
(0.435 0.01265 -0.0005517852502)
(0.4405 0.01265 -0.0005517852502)
(0.446 0.01265 -0.0005517852502)
(0.4515 0.01265 -0.0005517852502)
(0.457 0.01265 -0.0005517852502)
(0.4625 0.01265 -0.0005517852502)
(0.468 0.01265 -0.0005517852502)
(0.4735 0.01265 -0.0005517852502)
(0.479 0.01265 -0.0005517852502)
(0.4845 0.01265 -0.0005517852502)
(0.49 0.01265 -0.0005517852502)
(0.4955 0.01265 -0.0005517852502)
(0.501 0.01265 -0.0005517852502)
(0.5065 0.01265 -0.0005517852502)
(0.512 0.01265 -0.0005517852502)
(0.5175 0.01265 -0.0005517852502)
(0.523 0.01265 -0.0005517852502)
(0.5285 0.01265 -0.0005517852502)
(0.534 0.01265 -0.0005517852502)
(0.5395 0.01265 -0.0005517852502)
(0.545 0.01265 -0.0005517852502)
(0.5505 0.01265 -0.0005517852502)
(0.556 0.01265 -0.0005517852502)
(0.5615 0.01265 -0.0005517852502)
(0.567 0.01265 -0.0005517852502)
(0.5725 0.01265 -0.0005517852502)
(0.578 0.01265 -0.0005517852502)
(0.5835 0.01265 -0.0005517852502)
(0.589 0.01265 -0.0005517852502)
(0.5945 0.01265 -0.0005517852502)
(0.6 0.01265 -0.0005517852502)
(-0.5 0.004982781874 0.0002173458927)
(-0.4945 0.004982781874 0.0002173458927)
(-0.489 0.004982781874 0.0002173458927)
(-0.4835 0.004982781874 0.0002173458927)
(-0.478 0.004982781874 0.0002173458927)
(-0.4725 0.004982781874 0.0002173458927)
(-0.467 0.004982781874 0.0002173458927)
(-0.4615 0.004982781874 0.0002173458927)
(-0.456 0.004982781874 0.0002173458927)
(-0.4505 0.004982781874 0.0002173458927)
(-0.445 0.004982781874 0.0002173458927)
(-0.4395 0.004982781874 0.0002173458927)
(-0.434 0.004982781874 0.0002173458927)
(-0.4285 0.004982781874 0.0002173458927)
(-0.423 0.004982781874 0.0002173458927)
(-0.4175 0.004982781874 0.0002173458927)
(-0.412 0.004982781874 0.0002173458927)
(-0.4065 0.004982781874 0.0002173458927)
(-0.401 0.004982781874 0.0002173458927)
(-0.3955 0.004982781874 0.0002173458927)
(-0.39 0.004982781874 0.0002173458927)
(-0.3845 0.004982781874 0.0002173458927)
(-0.379 0.004982781874 0.0002173458927)
(-0.3735 0.004982781874 0.0002173458927)
(-0.368 0.004982781874 0.0002173458927)
(-0.3625 0.004982781874 0.0002173458927)
(-0.357 0.004982781874 0.0002173458927)
(-0.3515 0.004982781874 0.0002173458927)
(-0.346 0.004982781874 0.0002173458927)
(-0.3405 0.004982781874 0.0002173458927)
(-0.335 0.004982781874 0.0002173458927)
(-0.3295 0.004982781874 0.0002173458927)
(-0.324 0.004982781874 0.0002173458927)
(-0.3185 0.004982781874 0.0002173458927)
(-0.313 0.004982781874 0.0002173458927)
(-0.3075 0.004982781874 0.0002173458927)
(-0.302 0.004982781874 0.0002173458927)
(-0.2965 0.004982781874 0.0002173458927)
(-0.291 0.004982781874 0.0002173458927)
(-0.2855 0.004982781874 0.0002173458927)
(-0.28 0.004982781874 0.0002173458927)
(-0.2745 0.004982781874 0.0002173458927)
(-0.269 0.004982781874 0.0002173458927)
(-0.2635 0.004982781874 0.0002173458927)
(-0.258 0.004982781874 0.0002173458927)
(-0.2525 0.004982781874 0.0002173458927)
(-0.247 0.004982781874 0.0002173458927)
(-0.2415 0.004982781874 0.0002173458927)
(-0.236 0.004982781874 0.0002173458927)
(-0.2305 0.004982781874 0.0002173458927)
(-0.225 0.004982781874 0.0002173458927)
(-0.2195 0.004982781874 0.0002173458927)
(-0.214 0.004982781874 0.0002173458927)
(-0.2085 0.004982781874 0.0002173458927)
(-0.203 0.004982781874 0.0002173458927)
(-0.1975 0.004982781874 0.0002173458927)
(-0.192 0.004982781874 0.0002173458927)
(-0.1865 0.004982781874 0.0002173458927)
(-0.181 0.004982781874 0.0002173458927)
(-0.1755 0.004982781874 0.0002173458927)
(-0.17 0.004982781874 0.0002173458927)
(-0.1645 0.004982781874 0.0002173458927)
(-0.159 0.004982781874 0.0002173458927)
(-0.1535 0.004982781874 0.0002173458927)
(-0.148 0.004982781874 0.0002173458927)
(-0.1425 0.004982781874 0.0002173458927)
(-0.137 0.004982781874 0.0002173458927)
(-0.1315 0.004982781874 0.0002173458927)
(-0.126 0.004982781874 0.0002173458927)
(-0.1205 0.004982781874 0.0002173458927)
(-0.115 0.004982781874 0.0002173458927)
(-0.1095 0.004982781874 0.0002173458927)
(-0.104 0.004982781874 0.0002173458927)
(-0.0985 0.004982781874 0.0002173458927)
(-0.093 0.004982781874 0.0002173458927)
(-0.0875 0.004982781874 0.0002173458927)
(-0.082 0.004982781874 0.0002173458927)
(-0.0765 0.004982781874 0.0002173458927)
(-0.071 0.004982781874 0.0002173458927)
(-0.0655 0.004982781874 0.0002173458927)
(-0.06 0.004982781874 0.0002173458927)
(-0.0545 0.004982781874 0.0002173458927)
(-0.049 0.004982781874 0.0002173458927)
(-0.0435 0.004982781874 0.0002173458927)
(-0.038 0.004982781874 0.0002173458927)
(-0.0325 0.004982781874 0.0002173458927)
(-0.027 0.004982781874 0.0002173458927)
(-0.0215 0.004982781874 0.0002173458927)
(-0.016 0.004982781874 0.0002173458927)
(-0.0105 0.004982781874 0.0002173458927)
(-0.005 0.004982781874 0.0002173458927)
(0.0005 0.004982781874 0.0002173458927)
(0.006 0.004982781874 0.0002173458927)
(0.0115 0.004982781874 0.0002173458927)
(0.017 0.004982781874 0.0002173458927)
(0.0225 0.004982781874 0.0002173458927)
(0.028 0.004982781874 0.0002173458927)
(0.0335 0.004982781874 0.0002173458927)
(0.039 0.004982781874 0.0002173458927)
(0.0445 0.004982781874 0.0002173458927)
(0.05 0.004982781874 0.0002173458927)
(0.0555 0.004982781874 0.0002173458927)
(0.061 0.004982781874 0.0002173458927)
(0.0665 0.004982781874 0.0002173458927)
(0.072 0.004982781874 0.0002173458927)
(0.0775 0.004982781874 0.0002173458927)
(0.083 0.004982781874 0.0002173458927)
(0.0885 0.004982781874 0.0002173458927)
(0.094 0.004982781874 0.0002173458927)
(0.0995 0.004982781874 0.0002173458927)
(0.105 0.004982781874 0.0002173458927)
(0.1105 0.004982781874 0.0002173458927)
(0.116 0.004982781874 0.0002173458927)
(0.1215 0.004982781874 0.0002173458927)
(0.127 0.004982781874 0.0002173458927)
(0.1325 0.004982781874 0.0002173458927)
(0.138 0.004982781874 0.0002173458927)
(0.1435 0.004982781874 0.0002173458927)
(0.149 0.004982781874 0.0002173458927)
(0.1545 0.004982781874 0.0002173458927)
(0.16 0.004982781874 0.0002173458927)
(0.1655 0.004982781874 0.0002173458927)
(0.171 0.004982781874 0.0002173458927)
(0.1765 0.004982781874 0.0002173458927)
(0.182 0.004982781874 0.0002173458927)
(0.1875 0.004982781874 0.0002173458927)
(0.193 0.004982781874 0.0002173458927)
(0.1985 0.004982781874 0.0002173458927)
(0.204 0.004982781874 0.0002173458927)
(0.2095 0.004982781874 0.0002173458927)
(0.215 0.004982781874 0.0002173458927)
(0.2205 0.004982781874 0.0002173458927)
(0.226 0.004982781874 0.0002173458927)
(0.2315 0.004982781874 0.0002173458927)
(0.237 0.004982781874 0.0002173458927)
(0.2425 0.004982781874 0.0002173458927)
(0.248 0.004982781874 0.0002173458927)
(0.2535 0.004982781874 0.0002173458927)
(0.259 0.004982781874 0.0002173458927)
(0.2645 0.004982781874 0.0002173458927)
(0.27 0.004982781874 0.0002173458927)
(0.2755 0.004982781874 0.0002173458927)
(0.281 0.004982781874 0.0002173458927)
(0.2865 0.004982781874 0.0002173458927)
(0.292 0.004982781874 0.0002173458927)
(0.2975 0.004982781874 0.0002173458927)
(0.303 0.004982781874 0.0002173458927)
(0.3085 0.004982781874 0.0002173458927)
(0.314 0.004982781874 0.0002173458927)
(0.3195 0.004982781874 0.0002173458927)
(0.325 0.004982781874 0.0002173458927)
(0.3305 0.004982781874 0.0002173458927)
(0.336 0.004982781874 0.0002173458927)
(0.3415 0.004982781874 0.0002173458927)
(0.347 0.004982781874 0.0002173458927)
(0.3525 0.004982781874 0.0002173458927)
(0.358 0.004982781874 0.0002173458927)
(0.3635 0.004982781874 0.0002173458927)
(0.369 0.004982781874 0.0002173458927)
(0.3745 0.004982781874 0.0002173458927)
(0.38 0.004982781874 0.0002173458927)
(0.3855 0.004982781874 0.0002173458927)
(0.391 0.004982781874 0.0002173458927)
(0.3965 0.004982781874 0.0002173458927)
(0.402 0.004982781874 0.0002173458927)
(0.4075 0.004982781874 0.0002173458927)
(0.413 0.004982781874 0.0002173458927)
(0.4185 0.004982781874 0.0002173458927)
(0.424 0.004982781874 0.0002173458927)
(0.4295 0.004982781874 0.0002173458927)
(0.435 0.004982781874 0.0002173458927)
(0.4405 0.004982781874 0.0002173458927)
(0.446 0.004982781874 0.0002173458927)
(0.4515 0.004982781874 0.0002173458927)
(0.457 0.004982781874 0.0002173458927)
(0.4625 0.004982781874 0.0002173458927)
(0.468 0.004982781874 0.0002173458927)
(0.4735 0.004982781874 0.0002173458927)
(0.479 0.004982781874 0.0002173458927)
(0.4845 0.004982781874 0.0002173458927)
(0.49 0.004982781874 0.0002173458927)
(0.4955 0.004982781874 0.0002173458927)
(0.501 0.004982781874 0.0002173458927)
(0.5065 0.004982781874 0.0002173458927)
(0.512 0.004982781874 0.0002173458927)
(0.5175 0.004982781874 0.0002173458927)
(0.523 0.004982781874 0.0002173458927)
(0.5285 0.004982781874 0.0002173458927)
(0.534 0.004982781874 0.0002173458927)
(0.5395 0.004982781874 0.0002173458927)
(0.545 0.004982781874 0.0002173458927)
(0.5505 0.004982781874 0.0002173458927)
(0.556 0.004982781874 0.0002173458927)
(0.5615 0.004982781874 0.0002173458927)
(0.567 0.004982781874 0.0002173458927)
(0.5725 0.004982781874 0.0002173458927)
(0.578 0.004982781874 0.0002173458927)
(0.5835 0.004982781874 0.0002173458927)
(0.589 0.004982781874 0.0002173458927)
(0.5945 0.004982781874 0.0002173458927)
(0.6 0.004982781874 0.0002173458927)
(-0.5 0.008126704694 0.0003544818801)
(-0.4945 0.008126704694 0.0003544818801)
(-0.489 0.008126704694 0.0003544818801)
(-0.4835 0.008126704694 0.0003544818801)
(-0.478 0.008126704694 0.0003544818801)
(-0.4725 0.008126704694 0.0003544818801)
(-0.467 0.008126704694 0.0003544818801)
(-0.4615 0.008126704694 0.0003544818801)
(-0.456 0.008126704694 0.0003544818801)
(-0.4505 0.008126704694 0.0003544818801)
(-0.445 0.008126704694 0.0003544818801)
(-0.4395 0.008126704694 0.0003544818801)
(-0.434 0.008126704694 0.0003544818801)
(-0.4285 0.008126704694 0.0003544818801)
(-0.423 0.008126704694 0.0003544818801)
(-0.4175 0.008126704694 0.0003544818801)
(-0.412 0.008126704694 0.0003544818801)
(-0.4065 0.008126704694 0.0003544818801)
(-0.401 0.008126704694 0.0003544818801)
(-0.3955 0.008126704694 0.0003544818801)
(-0.39 0.008126704694 0.0003544818801)
(-0.3845 0.008126704694 0.0003544818801)
(-0.379 0.008126704694 0.0003544818801)
(-0.3735 0.008126704694 0.0003544818801)
(-0.368 0.008126704694 0.0003544818801)
(-0.3625 0.008126704694 0.0003544818801)
(-0.357 0.008126704694 0.0003544818801)
(-0.3515 0.008126704694 0.0003544818801)
(-0.346 0.008126704694 0.0003544818801)
(-0.3405 0.008126704694 0.0003544818801)
(-0.335 0.008126704694 0.0003544818801)
(-0.3295 0.008126704694 0.0003544818801)
(-0.324 0.008126704694 0.0003544818801)
(-0.3185 0.008126704694 0.0003544818801)
(-0.313 0.008126704694 0.0003544818801)
(-0.3075 0.008126704694 0.0003544818801)
(-0.302 0.008126704694 0.0003544818801)
(-0.2965 0.008126704694 0.0003544818801)
(-0.291 0.008126704694 0.0003544818801)
(-0.2855 0.008126704694 0.0003544818801)
(-0.28 0.008126704694 0.0003544818801)
(-0.2745 0.008126704694 0.0003544818801)
(-0.269 0.008126704694 0.0003544818801)
(-0.2635 0.008126704694 0.0003544818801)
(-0.258 0.008126704694 0.0003544818801)
(-0.2525 0.008126704694 0.0003544818801)
(-0.247 0.008126704694 0.0003544818801)
(-0.2415 0.008126704694 0.0003544818801)
(-0.236 0.008126704694 0.0003544818801)
(-0.2305 0.008126704694 0.0003544818801)
(-0.225 0.008126704694 0.0003544818801)
(-0.2195 0.008126704694 0.0003544818801)
(-0.214 0.008126704694 0.0003544818801)
(-0.2085 0.008126704694 0.0003544818801)
(-0.203 0.008126704694 0.0003544818801)
(-0.1975 0.008126704694 0.0003544818801)
(-0.192 0.008126704694 0.0003544818801)
(-0.1865 0.008126704694 0.0003544818801)
(-0.181 0.008126704694 0.0003544818801)
(-0.1755 0.008126704694 0.0003544818801)
(-0.17 0.008126704694 0.0003544818801)
(-0.1645 0.008126704694 0.0003544818801)
(-0.159 0.008126704694 0.0003544818801)
(-0.1535 0.008126704694 0.0003544818801)
(-0.148 0.008126704694 0.0003544818801)
(-0.1425 0.008126704694 0.0003544818801)
(-0.137 0.008126704694 0.0003544818801)
(-0.1315 0.008126704694 0.0003544818801)
(-0.126 0.008126704694 0.0003544818801)
(-0.1205 0.008126704694 0.0003544818801)
(-0.115 0.008126704694 0.0003544818801)
(-0.1095 0.008126704694 0.0003544818801)
(-0.104 0.008126704694 0.0003544818801)
(-0.0985 0.008126704694 0.0003544818801)
(-0.093 0.008126704694 0.0003544818801)
(-0.0875 0.008126704694 0.0003544818801)
(-0.082 0.008126704694 0.0003544818801)
(-0.0765 0.008126704694 0.0003544818801)
(-0.071 0.008126704694 0.0003544818801)
(-0.0655 0.008126704694 0.0003544818801)
(-0.06 0.008126704694 0.0003544818801)
(-0.0545 0.008126704694 0.0003544818801)
(-0.049 0.008126704694 0.0003544818801)
(-0.0435 0.008126704694 0.0003544818801)
(-0.038 0.008126704694 0.0003544818801)
(-0.0325 0.008126704694 0.0003544818801)
(-0.027 0.008126704694 0.0003544818801)
(-0.0215 0.008126704694 0.0003544818801)
(-0.016 0.008126704694 0.0003544818801)
(-0.0105 0.008126704694 0.0003544818801)
(-0.005 0.008126704694 0.0003544818801)
(0.0005 0.008126704694 0.0003544818801)
(0.006 0.008126704694 0.0003544818801)
(0.0115 0.008126704694 0.0003544818801)
(0.017 0.008126704694 0.0003544818801)
(0.0225 0.008126704694 0.0003544818801)
(0.028 0.008126704694 0.0003544818801)
(0.0335 0.008126704694 0.0003544818801)
(0.039 0.008126704694 0.0003544818801)
(0.0445 0.008126704694 0.0003544818801)
(0.05 0.008126704694 0.0003544818801)
(0.0555 0.008126704694 0.0003544818801)
(0.061 0.008126704694 0.0003544818801)
(0.0665 0.008126704694 0.0003544818801)
(0.072 0.008126704694 0.0003544818801)
(0.0775 0.008126704694 0.0003544818801)
(0.083 0.008126704694 0.0003544818801)
(0.0885 0.008126704694 0.0003544818801)
(0.094 0.008126704694 0.0003544818801)
(0.0995 0.008126704694 0.0003544818801)
(0.105 0.008126704694 0.0003544818801)
(0.1105 0.008126704694 0.0003544818801)
(0.116 0.008126704694 0.0003544818801)
(0.1215 0.008126704694 0.0003544818801)
(0.127 0.008126704694 0.0003544818801)
(0.1325 0.008126704694 0.0003544818801)
(0.138 0.008126704694 0.0003544818801)
(0.1435 0.008126704694 0.0003544818801)
(0.149 0.008126704694 0.0003544818801)
(0.1545 0.008126704694 0.0003544818801)
(0.16 0.008126704694 0.0003544818801)
(0.1655 0.008126704694 0.0003544818801)
(0.171 0.008126704694 0.0003544818801)
(0.1765 0.008126704694 0.0003544818801)
(0.182 0.008126704694 0.0003544818801)
(0.1875 0.008126704694 0.0003544818801)
(0.193 0.008126704694 0.0003544818801)
(0.1985 0.008126704694 0.0003544818801)
(0.204 0.008126704694 0.0003544818801)
(0.2095 0.008126704694 0.0003544818801)
(0.215 0.008126704694 0.0003544818801)
(0.2205 0.008126704694 0.0003544818801)
(0.226 0.008126704694 0.0003544818801)
(0.2315 0.008126704694 0.0003544818801)
(0.237 0.008126704694 0.0003544818801)
(0.2425 0.008126704694 0.0003544818801)
(0.248 0.008126704694 0.0003544818801)
(0.2535 0.008126704694 0.0003544818801)
(0.259 0.008126704694 0.0003544818801)
(0.2645 0.008126704694 0.0003544818801)
(0.27 0.008126704694 0.0003544818801)
(0.2755 0.008126704694 0.0003544818801)
(0.281 0.008126704694 0.0003544818801)
(0.2865 0.008126704694 0.0003544818801)
(0.292 0.008126704694 0.0003544818801)
(0.2975 0.008126704694 0.0003544818801)
(0.303 0.008126704694 0.0003544818801)
(0.3085 0.008126704694 0.0003544818801)
(0.314 0.008126704694 0.0003544818801)
(0.3195 0.008126704694 0.0003544818801)
(0.325 0.008126704694 0.0003544818801)
(0.3305 0.008126704694 0.0003544818801)
(0.336 0.008126704694 0.0003544818801)
(0.3415 0.008126704694 0.0003544818801)
(0.347 0.008126704694 0.0003544818801)
(0.3525 0.008126704694 0.0003544818801)
(0.358 0.008126704694 0.0003544818801)
(0.3635 0.008126704694 0.0003544818801)
(0.369 0.008126704694 0.0003544818801)
(0.3745 0.008126704694 0.0003544818801)
(0.38 0.008126704694 0.0003544818801)
(0.3855 0.008126704694 0.0003544818801)
(0.391 0.008126704694 0.0003544818801)
(0.3965 0.008126704694 0.0003544818801)
(0.402 0.008126704694 0.0003544818801)
(0.4075 0.008126704694 0.0003544818801)
(0.413 0.008126704694 0.0003544818801)
(0.4185 0.008126704694 0.0003544818801)
(0.424 0.008126704694 0.0003544818801)
(0.4295 0.008126704694 0.0003544818801)
(0.435 0.008126704694 0.0003544818801)
(0.4405 0.008126704694 0.0003544818801)
(0.446 0.008126704694 0.0003544818801)
(0.4515 0.008126704694 0.0003544818801)
(0.457 0.008126704694 0.0003544818801)
(0.4625 0.008126704694 0.0003544818801)
(0.468 0.008126704694 0.0003544818801)
(0.4735 0.008126704694 0.0003544818801)
(0.479 0.008126704694 0.0003544818801)
(0.4845 0.008126704694 0.0003544818801)
(0.49 0.008126704694 0.0003544818801)
(0.4955 0.008126704694 0.0003544818801)
(0.501 0.008126704694 0.0003544818801)
(0.5065 0.008126704694 0.0003544818801)
(0.512 0.008126704694 0.0003544818801)
(0.5175 0.008126704694 0.0003544818801)
(0.523 0.008126704694 0.0003544818801)
(0.5285 0.008126704694 0.0003544818801)
(0.534 0.008126704694 0.0003544818801)
(0.5395 0.008126704694 0.0003544818801)
(0.545 0.008126704694 0.0003544818801)
(0.5505 0.008126704694 0.0003544818801)
(0.556 0.008126704694 0.0003544818801)
(0.5615 0.008126704694 0.0003544818801)
(0.567 0.008126704694 0.0003544818801)
(0.5725 0.008126704694 0.0003544818801)
(0.578 0.008126704694 0.0003544818801)
(0.5835 0.008126704694 0.0003544818801)
(0.589 0.008126704694 0.0003544818801)
(0.5945 0.008126704694 0.0003544818801)
(0.6 0.008126704694 0.0003544818801)
(-0.5 0.01011038589 0.0004410088385)
(-0.4945 0.01011038589 0.0004410088385)
(-0.489 0.01011038589 0.0004410088385)
(-0.4835 0.01011038589 0.0004410088385)
(-0.478 0.01011038589 0.0004410088385)
(-0.4725 0.01011038589 0.0004410088385)
(-0.467 0.01011038589 0.0004410088385)
(-0.4615 0.01011038589 0.0004410088385)
(-0.456 0.01011038589 0.0004410088385)
(-0.4505 0.01011038589 0.0004410088385)
(-0.445 0.01011038589 0.0004410088385)
(-0.4395 0.01011038589 0.0004410088385)
(-0.434 0.01011038589 0.0004410088385)
(-0.4285 0.01011038589 0.0004410088385)
(-0.423 0.01011038589 0.0004410088385)
(-0.4175 0.01011038589 0.0004410088385)
(-0.412 0.01011038589 0.0004410088385)
(-0.4065 0.01011038589 0.0004410088385)
(-0.401 0.01011038589 0.0004410088385)
(-0.3955 0.01011038589 0.0004410088385)
(-0.39 0.01011038589 0.0004410088385)
(-0.3845 0.01011038589 0.0004410088385)
(-0.379 0.01011038589 0.0004410088385)
(-0.3735 0.01011038589 0.0004410088385)
(-0.368 0.01011038589 0.0004410088385)
(-0.3625 0.01011038589 0.0004410088385)
(-0.357 0.01011038589 0.0004410088385)
(-0.3515 0.01011038589 0.0004410088385)
(-0.346 0.01011038589 0.0004410088385)
(-0.3405 0.01011038589 0.0004410088385)
(-0.335 0.01011038589 0.0004410088385)
(-0.3295 0.01011038589 0.0004410088385)
(-0.324 0.01011038589 0.0004410088385)
(-0.3185 0.01011038589 0.0004410088385)
(-0.313 0.01011038589 0.0004410088385)
(-0.3075 0.01011038589 0.0004410088385)
(-0.302 0.01011038589 0.0004410088385)
(-0.2965 0.01011038589 0.0004410088385)
(-0.291 0.01011038589 0.0004410088385)
(-0.2855 0.01011038589 0.0004410088385)
(-0.28 0.01011038589 0.0004410088385)
(-0.2745 0.01011038589 0.0004410088385)
(-0.269 0.01011038589 0.0004410088385)
(-0.2635 0.01011038589 0.0004410088385)
(-0.258 0.01011038589 0.0004410088385)
(-0.2525 0.01011038589 0.0004410088385)
(-0.247 0.01011038589 0.0004410088385)
(-0.2415 0.01011038589 0.0004410088385)
(-0.236 0.01011038589 0.0004410088385)
(-0.2305 0.01011038589 0.0004410088385)
(-0.225 0.01011038589 0.0004410088385)
(-0.2195 0.01011038589 0.0004410088385)
(-0.214 0.01011038589 0.0004410088385)
(-0.2085 0.01011038589 0.0004410088385)
(-0.203 0.01011038589 0.0004410088385)
(-0.1975 0.01011038589 0.0004410088385)
(-0.192 0.01011038589 0.0004410088385)
(-0.1865 0.01011038589 0.0004410088385)
(-0.181 0.01011038589 0.0004410088385)
(-0.1755 0.01011038589 0.0004410088385)
(-0.17 0.01011038589 0.0004410088385)
(-0.1645 0.01011038589 0.0004410088385)
(-0.159 0.01011038589 0.0004410088385)
(-0.1535 0.01011038589 0.0004410088385)
(-0.148 0.01011038589 0.0004410088385)
(-0.1425 0.01011038589 0.0004410088385)
(-0.137 0.01011038589 0.0004410088385)
(-0.1315 0.01011038589 0.0004410088385)
(-0.126 0.01011038589 0.0004410088385)
(-0.1205 0.01011038589 0.0004410088385)
(-0.115 0.01011038589 0.0004410088385)
(-0.1095 0.01011038589 0.0004410088385)
(-0.104 0.01011038589 0.0004410088385)
(-0.0985 0.01011038589 0.0004410088385)
(-0.093 0.01011038589 0.0004410088385)
(-0.0875 0.01011038589 0.0004410088385)
(-0.082 0.01011038589 0.0004410088385)
(-0.0765 0.01011038589 0.0004410088385)
(-0.071 0.01011038589 0.0004410088385)
(-0.0655 0.01011038589 0.0004410088385)
(-0.06 0.01011038589 0.0004410088385)
(-0.0545 0.01011038589 0.0004410088385)
(-0.049 0.01011038589 0.0004410088385)
(-0.0435 0.01011038589 0.0004410088385)
(-0.038 0.01011038589 0.0004410088385)
(-0.0325 0.01011038589 0.0004410088385)
(-0.027 0.01011038589 0.0004410088385)
(-0.0215 0.01011038589 0.0004410088385)
(-0.016 0.01011038589 0.0004410088385)
(-0.0105 0.01011038589 0.0004410088385)
(-0.005 0.01011038589 0.0004410088385)
(0.0005 0.01011038589 0.0004410088385)
(0.006 0.01011038589 0.0004410088385)
(0.0115 0.01011038589 0.0004410088385)
(0.017 0.01011038589 0.0004410088385)
(0.0225 0.01011038589 0.0004410088385)
(0.028 0.01011038589 0.0004410088385)
(0.0335 0.01011038589 0.0004410088385)
(0.039 0.01011038589 0.0004410088385)
(0.0445 0.01011038589 0.0004410088385)
(0.05 0.01011038589 0.0004410088385)
(0.0555 0.01011038589 0.0004410088385)
(0.061 0.01011038589 0.0004410088385)
(0.0665 0.01011038589 0.0004410088385)
(0.072 0.01011038589 0.0004410088385)
(0.0775 0.01011038589 0.0004410088385)
(0.083 0.01011038589 0.0004410088385)
(0.0885 0.01011038589 0.0004410088385)
(0.094 0.01011038589 0.0004410088385)
(0.0995 0.01011038589 0.0004410088385)
(0.105 0.01011038589 0.0004410088385)
(0.1105 0.01011038589 0.0004410088385)
(0.116 0.01011038589 0.0004410088385)
(0.1215 0.01011038589 0.0004410088385)
(0.127 0.01011038589 0.0004410088385)
(0.1325 0.01011038589 0.0004410088385)
(0.138 0.01011038589 0.0004410088385)
(0.1435 0.01011038589 0.0004410088385)
(0.149 0.01011038589 0.0004410088385)
(0.1545 0.01011038589 0.0004410088385)
(0.16 0.01011038589 0.0004410088385)
(0.1655 0.01011038589 0.0004410088385)
(0.171 0.01011038589 0.0004410088385)
(0.1765 0.01011038589 0.0004410088385)
(0.182 0.01011038589 0.0004410088385)
(0.1875 0.01011038589 0.0004410088385)
(0.193 0.01011038589 0.0004410088385)
(0.1985 0.01011038589 0.0004410088385)
(0.204 0.01011038589 0.0004410088385)
(0.2095 0.01011038589 0.0004410088385)
(0.215 0.01011038589 0.0004410088385)
(0.2205 0.01011038589 0.0004410088385)
(0.226 0.01011038589 0.0004410088385)
(0.2315 0.01011038589 0.0004410088385)
(0.237 0.01011038589 0.0004410088385)
(0.2425 0.01011038589 0.0004410088385)
(0.248 0.01011038589 0.0004410088385)
(0.2535 0.01011038589 0.0004410088385)
(0.259 0.01011038589 0.0004410088385)
(0.2645 0.01011038589 0.0004410088385)
(0.27 0.01011038589 0.0004410088385)
(0.2755 0.01011038589 0.0004410088385)
(0.281 0.01011038589 0.0004410088385)
(0.2865 0.01011038589 0.0004410088385)
(0.292 0.01011038589 0.0004410088385)
(0.2975 0.01011038589 0.0004410088385)
(0.303 0.01011038589 0.0004410088385)
(0.3085 0.01011038589 0.0004410088385)
(0.314 0.01011038589 0.0004410088385)
(0.3195 0.01011038589 0.0004410088385)
(0.325 0.01011038589 0.0004410088385)
(0.3305 0.01011038589 0.0004410088385)
(0.336 0.01011038589 0.0004410088385)
(0.3415 0.01011038589 0.0004410088385)
(0.347 0.01011038589 0.0004410088385)
(0.3525 0.01011038589 0.0004410088385)
(0.358 0.01011038589 0.0004410088385)
(0.3635 0.01011038589 0.0004410088385)
(0.369 0.01011038589 0.0004410088385)
(0.3745 0.01011038589 0.0004410088385)
(0.38 0.01011038589 0.0004410088385)
(0.3855 0.01011038589 0.0004410088385)
(0.391 0.01011038589 0.0004410088385)
(0.3965 0.01011038589 0.0004410088385)
(0.402 0.01011038589 0.0004410088385)
(0.4075 0.01011038589 0.0004410088385)
(0.413 0.01011038589 0.0004410088385)
(0.4185 0.01011038589 0.0004410088385)
(0.424 0.01011038589 0.0004410088385)
(0.4295 0.01011038589 0.0004410088385)
(0.435 0.01011038589 0.0004410088385)
(0.4405 0.01011038589 0.0004410088385)
(0.446 0.01011038589 0.0004410088385)
(0.4515 0.01011038589 0.0004410088385)
(0.457 0.01011038589 0.0004410088385)
(0.4625 0.01011038589 0.0004410088385)
(0.468 0.01011038589 0.0004410088385)
(0.4735 0.01011038589 0.0004410088385)
(0.479 0.01011038589 0.0004410088385)
(0.4845 0.01011038589 0.0004410088385)
(0.49 0.01011038589 0.0004410088385)
(0.4955 0.01011038589 0.0004410088385)
(0.501 0.01011038589 0.0004410088385)
(0.5065 0.01011038589 0.0004410088385)
(0.512 0.01011038589 0.0004410088385)
(0.5175 0.01011038589 0.0004410088385)
(0.523 0.01011038589 0.0004410088385)
(0.5285 0.01011038589 0.0004410088385)
(0.534 0.01011038589 0.0004410088385)
(0.5395 0.01011038589 0.0004410088385)
(0.545 0.01011038589 0.0004410088385)
(0.5505 0.01011038589 0.0004410088385)
(0.556 0.01011038589 0.0004410088385)
(0.5615 0.01011038589 0.0004410088385)
(0.567 0.01011038589 0.0004410088385)
(0.5725 0.01011038589 0.0004410088385)
(0.578 0.01011038589 0.0004410088385)
(0.5835 0.01011038589 0.0004410088385)
(0.589 0.01011038589 0.0004410088385)
(0.5945 0.01011038589 0.0004410088385)
(0.6 0.01011038589 0.0004410088385)
(-0.5 0.01136200411 0.0004956036585)
(-0.4945 0.01136200411 0.0004956036585)
(-0.489 0.01136200411 0.0004956036585)
(-0.4835 0.01136200411 0.0004956036585)
(-0.478 0.01136200411 0.0004956036585)
(-0.4725 0.01136200411 0.0004956036585)
(-0.467 0.01136200411 0.0004956036585)
(-0.4615 0.01136200411 0.0004956036585)
(-0.456 0.01136200411 0.0004956036585)
(-0.4505 0.01136200411 0.0004956036585)
(-0.445 0.01136200411 0.0004956036585)
(-0.4395 0.01136200411 0.0004956036585)
(-0.434 0.01136200411 0.0004956036585)
(-0.4285 0.01136200411 0.0004956036585)
(-0.423 0.01136200411 0.0004956036585)
(-0.4175 0.01136200411 0.0004956036585)
(-0.412 0.01136200411 0.0004956036585)
(-0.4065 0.01136200411 0.0004956036585)
(-0.401 0.01136200411 0.0004956036585)
(-0.3955 0.01136200411 0.0004956036585)
(-0.39 0.01136200411 0.0004956036585)
(-0.3845 0.01136200411 0.0004956036585)
(-0.379 0.01136200411 0.0004956036585)
(-0.3735 0.01136200411 0.0004956036585)
(-0.368 0.01136200411 0.0004956036585)
(-0.3625 0.01136200411 0.0004956036585)
(-0.357 0.01136200411 0.0004956036585)
(-0.3515 0.01136200411 0.0004956036585)
(-0.346 0.01136200411 0.0004956036585)
(-0.3405 0.01136200411 0.0004956036585)
(-0.335 0.01136200411 0.0004956036585)
(-0.3295 0.01136200411 0.0004956036585)
(-0.324 0.01136200411 0.0004956036585)
(-0.3185 0.01136200411 0.0004956036585)
(-0.313 0.01136200411 0.0004956036585)
(-0.3075 0.01136200411 0.0004956036585)
(-0.302 0.01136200411 0.0004956036585)
(-0.2965 0.01136200411 0.0004956036585)
(-0.291 0.01136200411 0.0004956036585)
(-0.2855 0.01136200411 0.0004956036585)
(-0.28 0.01136200411 0.0004956036585)
(-0.2745 0.01136200411 0.0004956036585)
(-0.269 0.01136200411 0.0004956036585)
(-0.2635 0.01136200411 0.0004956036585)
(-0.258 0.01136200411 0.0004956036585)
(-0.2525 0.01136200411 0.0004956036585)
(-0.247 0.01136200411 0.0004956036585)
(-0.2415 0.01136200411 0.0004956036585)
(-0.236 0.01136200411 0.0004956036585)
(-0.2305 0.01136200411 0.0004956036585)
(-0.225 0.01136200411 0.0004956036585)
(-0.2195 0.01136200411 0.0004956036585)
(-0.214 0.01136200411 0.0004956036585)
(-0.2085 0.01136200411 0.0004956036585)
(-0.203 0.01136200411 0.0004956036585)
(-0.1975 0.01136200411 0.0004956036585)
(-0.192 0.01136200411 0.0004956036585)
(-0.1865 0.01136200411 0.0004956036585)
(-0.181 0.01136200411 0.0004956036585)
(-0.1755 0.01136200411 0.0004956036585)
(-0.17 0.01136200411 0.0004956036585)
(-0.1645 0.01136200411 0.0004956036585)
(-0.159 0.01136200411 0.0004956036585)
(-0.1535 0.01136200411 0.0004956036585)
(-0.148 0.01136200411 0.0004956036585)
(-0.1425 0.01136200411 0.0004956036585)
(-0.137 0.01136200411 0.0004956036585)
(-0.1315 0.01136200411 0.0004956036585)
(-0.126 0.01136200411 0.0004956036585)
(-0.1205 0.01136200411 0.0004956036585)
(-0.115 0.01136200411 0.0004956036585)
(-0.1095 0.01136200411 0.0004956036585)
(-0.104 0.01136200411 0.0004956036585)
(-0.0985 0.01136200411 0.0004956036585)
(-0.093 0.01136200411 0.0004956036585)
(-0.0875 0.01136200411 0.0004956036585)
(-0.082 0.01136200411 0.0004956036585)
(-0.0765 0.01136200411 0.0004956036585)
(-0.071 0.01136200411 0.0004956036585)
(-0.0655 0.01136200411 0.0004956036585)
(-0.06 0.01136200411 0.0004956036585)
(-0.0545 0.01136200411 0.0004956036585)
(-0.049 0.01136200411 0.0004956036585)
(-0.0435 0.01136200411 0.0004956036585)
(-0.038 0.01136200411 0.0004956036585)
(-0.0325 0.01136200411 0.0004956036585)
(-0.027 0.01136200411 0.0004956036585)
(-0.0215 0.01136200411 0.0004956036585)
(-0.016 0.01136200411 0.0004956036585)
(-0.0105 0.01136200411 0.0004956036585)
(-0.005 0.01136200411 0.0004956036585)
(0.0005 0.01136200411 0.0004956036585)
(0.006 0.01136200411 0.0004956036585)
(0.0115 0.01136200411 0.0004956036585)
(0.017 0.01136200411 0.0004956036585)
(0.0225 0.01136200411 0.0004956036585)
(0.028 0.01136200411 0.0004956036585)
(0.0335 0.01136200411 0.0004956036585)
(0.039 0.01136200411 0.0004956036585)
(0.0445 0.01136200411 0.0004956036585)
(0.05 0.01136200411 0.0004956036585)
(0.0555 0.01136200411 0.0004956036585)
(0.061 0.01136200411 0.0004956036585)
(0.0665 0.01136200411 0.0004956036585)
(0.072 0.01136200411 0.0004956036585)
(0.0775 0.01136200411 0.0004956036585)
(0.083 0.01136200411 0.0004956036585)
(0.0885 0.01136200411 0.0004956036585)
(0.094 0.01136200411 0.0004956036585)
(0.0995 0.01136200411 0.0004956036585)
(0.105 0.01136200411 0.0004956036585)
(0.1105 0.01136200411 0.0004956036585)
(0.116 0.01136200411 0.0004956036585)
(0.1215 0.01136200411 0.0004956036585)
(0.127 0.01136200411 0.0004956036585)
(0.1325 0.01136200411 0.0004956036585)
(0.138 0.01136200411 0.0004956036585)
(0.1435 0.01136200411 0.0004956036585)
(0.149 0.01136200411 0.0004956036585)
(0.1545 0.01136200411 0.0004956036585)
(0.16 0.01136200411 0.0004956036585)
(0.1655 0.01136200411 0.0004956036585)
(0.171 0.01136200411 0.0004956036585)
(0.1765 0.01136200411 0.0004956036585)
(0.182 0.01136200411 0.0004956036585)
(0.1875 0.01136200411 0.0004956036585)
(0.193 0.01136200411 0.0004956036585)
(0.1985 0.01136200411 0.0004956036585)
(0.204 0.01136200411 0.0004956036585)
(0.2095 0.01136200411 0.0004956036585)
(0.215 0.01136200411 0.0004956036585)
(0.2205 0.01136200411 0.0004956036585)
(0.226 0.01136200411 0.0004956036585)
(0.2315 0.01136200411 0.0004956036585)
(0.237 0.01136200411 0.0004956036585)
(0.2425 0.01136200411 0.0004956036585)
(0.248 0.01136200411 0.0004956036585)
(0.2535 0.01136200411 0.0004956036585)
(0.259 0.01136200411 0.0004956036585)
(0.2645 0.01136200411 0.0004956036585)
(0.27 0.01136200411 0.0004956036585)
(0.2755 0.01136200411 0.0004956036585)
(0.281 0.01136200411 0.0004956036585)
(0.2865 0.01136200411 0.0004956036585)
(0.292 0.01136200411 0.0004956036585)
(0.2975 0.01136200411 0.0004956036585)
(0.303 0.01136200411 0.0004956036585)
(0.3085 0.01136200411 0.0004956036585)
(0.314 0.01136200411 0.0004956036585)
(0.3195 0.01136200411 0.0004956036585)
(0.325 0.01136200411 0.0004956036585)
(0.3305 0.01136200411 0.0004956036585)
(0.336 0.01136200411 0.0004956036585)
(0.3415 0.01136200411 0.0004956036585)
(0.347 0.01136200411 0.0004956036585)
(0.3525 0.01136200411 0.0004956036585)
(0.358 0.01136200411 0.0004956036585)
(0.3635 0.01136200411 0.0004956036585)
(0.369 0.01136200411 0.0004956036585)
(0.3745 0.01136200411 0.0004956036585)
(0.38 0.01136200411 0.0004956036585)
(0.3855 0.01136200411 0.0004956036585)
(0.391 0.01136200411 0.0004956036585)
(0.3965 0.01136200411 0.0004956036585)
(0.402 0.01136200411 0.0004956036585)
(0.4075 0.01136200411 0.0004956036585)
(0.413 0.01136200411 0.0004956036585)
(0.4185 0.01136200411 0.0004956036585)
(0.424 0.01136200411 0.0004956036585)
(0.4295 0.01136200411 0.0004956036585)
(0.435 0.01136200411 0.0004956036585)
(0.4405 0.01136200411 0.0004956036585)
(0.446 0.01136200411 0.0004956036585)
(0.4515 0.01136200411 0.0004956036585)
(0.457 0.01136200411 0.0004956036585)
(0.4625 0.01136200411 0.0004956036585)
(0.468 0.01136200411 0.0004956036585)
(0.4735 0.01136200411 0.0004956036585)
(0.479 0.01136200411 0.0004956036585)
(0.4845 0.01136200411 0.0004956036585)
(0.49 0.01136200411 0.0004956036585)
(0.4955 0.01136200411 0.0004956036585)
(0.501 0.01136200411 0.0004956036585)
(0.5065 0.01136200411 0.0004956036585)
(0.512 0.01136200411 0.0004956036585)
(0.5175 0.01136200411 0.0004956036585)
(0.523 0.01136200411 0.0004956036585)
(0.5285 0.01136200411 0.0004956036585)
(0.534 0.01136200411 0.0004956036585)
(0.5395 0.01136200411 0.0004956036585)
(0.545 0.01136200411 0.0004956036585)
(0.5505 0.01136200411 0.0004956036585)
(0.556 0.01136200411 0.0004956036585)
(0.5615 0.01136200411 0.0004956036585)
(0.567 0.01136200411 0.0004956036585)
(0.5725 0.01136200411 0.0004956036585)
(0.578 0.01136200411 0.0004956036585)
(0.5835 0.01136200411 0.0004956036585)
(0.589 0.01136200411 0.0004956036585)
(0.5945 0.01136200411 0.0004956036585)
(0.6 0.01136200411 0.0004956036585)
(-0.5 0.01215172181 0.0005300506608)
(-0.4945 0.01215172181 0.0005300506608)
(-0.489 0.01215172181 0.0005300506608)
(-0.4835 0.01215172181 0.0005300506608)
(-0.478 0.01215172181 0.0005300506608)
(-0.4725 0.01215172181 0.0005300506608)
(-0.467 0.01215172181 0.0005300506608)
(-0.4615 0.01215172181 0.0005300506608)
(-0.456 0.01215172181 0.0005300506608)
(-0.4505 0.01215172181 0.0005300506608)
(-0.445 0.01215172181 0.0005300506608)
(-0.4395 0.01215172181 0.0005300506608)
(-0.434 0.01215172181 0.0005300506608)
(-0.4285 0.01215172181 0.0005300506608)
(-0.423 0.01215172181 0.0005300506608)
(-0.4175 0.01215172181 0.0005300506608)
(-0.412 0.01215172181 0.0005300506608)
(-0.4065 0.01215172181 0.0005300506608)
(-0.401 0.01215172181 0.0005300506608)
(-0.3955 0.01215172181 0.0005300506608)
(-0.39 0.01215172181 0.0005300506608)
(-0.3845 0.01215172181 0.0005300506608)
(-0.379 0.01215172181 0.0005300506608)
(-0.3735 0.01215172181 0.0005300506608)
(-0.368 0.01215172181 0.0005300506608)
(-0.3625 0.01215172181 0.0005300506608)
(-0.357 0.01215172181 0.0005300506608)
(-0.3515 0.01215172181 0.0005300506608)
(-0.346 0.01215172181 0.0005300506608)
(-0.3405 0.01215172181 0.0005300506608)
(-0.335 0.01215172181 0.0005300506608)
(-0.3295 0.01215172181 0.0005300506608)
(-0.324 0.01215172181 0.0005300506608)
(-0.3185 0.01215172181 0.0005300506608)
(-0.313 0.01215172181 0.0005300506608)
(-0.3075 0.01215172181 0.0005300506608)
(-0.302 0.01215172181 0.0005300506608)
(-0.2965 0.01215172181 0.0005300506608)
(-0.291 0.01215172181 0.0005300506608)
(-0.2855 0.01215172181 0.0005300506608)
(-0.28 0.01215172181 0.0005300506608)
(-0.2745 0.01215172181 0.0005300506608)
(-0.269 0.01215172181 0.0005300506608)
(-0.2635 0.01215172181 0.0005300506608)
(-0.258 0.01215172181 0.0005300506608)
(-0.2525 0.01215172181 0.0005300506608)
(-0.247 0.01215172181 0.0005300506608)
(-0.2415 0.01215172181 0.0005300506608)
(-0.236 0.01215172181 0.0005300506608)
(-0.2305 0.01215172181 0.0005300506608)
(-0.225 0.01215172181 0.0005300506608)
(-0.2195 0.01215172181 0.0005300506608)
(-0.214 0.01215172181 0.0005300506608)
(-0.2085 0.01215172181 0.0005300506608)
(-0.203 0.01215172181 0.0005300506608)
(-0.1975 0.01215172181 0.0005300506608)
(-0.192 0.01215172181 0.0005300506608)
(-0.1865 0.01215172181 0.0005300506608)
(-0.181 0.01215172181 0.0005300506608)
(-0.1755 0.01215172181 0.0005300506608)
(-0.17 0.01215172181 0.0005300506608)
(-0.1645 0.01215172181 0.0005300506608)
(-0.159 0.01215172181 0.0005300506608)
(-0.1535 0.01215172181 0.0005300506608)
(-0.148 0.01215172181 0.0005300506608)
(-0.1425 0.01215172181 0.0005300506608)
(-0.137 0.01215172181 0.0005300506608)
(-0.1315 0.01215172181 0.0005300506608)
(-0.126 0.01215172181 0.0005300506608)
(-0.1205 0.01215172181 0.0005300506608)
(-0.115 0.01215172181 0.0005300506608)
(-0.1095 0.01215172181 0.0005300506608)
(-0.104 0.01215172181 0.0005300506608)
(-0.0985 0.01215172181 0.0005300506608)
(-0.093 0.01215172181 0.0005300506608)
(-0.0875 0.01215172181 0.0005300506608)
(-0.082 0.01215172181 0.0005300506608)
(-0.0765 0.01215172181 0.0005300506608)
(-0.071 0.01215172181 0.0005300506608)
(-0.0655 0.01215172181 0.0005300506608)
(-0.06 0.01215172181 0.0005300506608)
(-0.0545 0.01215172181 0.0005300506608)
(-0.049 0.01215172181 0.0005300506608)
(-0.0435 0.01215172181 0.0005300506608)
(-0.038 0.01215172181 0.0005300506608)
(-0.0325 0.01215172181 0.0005300506608)
(-0.027 0.01215172181 0.0005300506608)
(-0.0215 0.01215172181 0.0005300506608)
(-0.016 0.01215172181 0.0005300506608)
(-0.0105 0.01215172181 0.0005300506608)
(-0.005 0.01215172181 0.0005300506608)
(0.0005 0.01215172181 0.0005300506608)
(0.006 0.01215172181 0.0005300506608)
(0.0115 0.01215172181 0.0005300506608)
(0.017 0.01215172181 0.0005300506608)
(0.0225 0.01215172181 0.0005300506608)
(0.028 0.01215172181 0.0005300506608)
(0.0335 0.01215172181 0.0005300506608)
(0.039 0.01215172181 0.0005300506608)
(0.0445 0.01215172181 0.0005300506608)
(0.05 0.01215172181 0.0005300506608)
(0.0555 0.01215172181 0.0005300506608)
(0.061 0.01215172181 0.0005300506608)
(0.0665 0.01215172181 0.0005300506608)
(0.072 0.01215172181 0.0005300506608)
(0.0775 0.01215172181 0.0005300506608)
(0.083 0.01215172181 0.0005300506608)
(0.0885 0.01215172181 0.0005300506608)
(0.094 0.01215172181 0.0005300506608)
(0.0995 0.01215172181 0.0005300506608)
(0.105 0.01215172181 0.0005300506608)
(0.1105 0.01215172181 0.0005300506608)
(0.116 0.01215172181 0.0005300506608)
(0.1215 0.01215172181 0.0005300506608)
(0.127 0.01215172181 0.0005300506608)
(0.1325 0.01215172181 0.0005300506608)
(0.138 0.01215172181 0.0005300506608)
(0.1435 0.01215172181 0.0005300506608)
(0.149 0.01215172181 0.0005300506608)
(0.1545 0.01215172181 0.0005300506608)
(0.16 0.01215172181 0.0005300506608)
(0.1655 0.01215172181 0.0005300506608)
(0.171 0.01215172181 0.0005300506608)
(0.1765 0.01215172181 0.0005300506608)
(0.182 0.01215172181 0.0005300506608)
(0.1875 0.01215172181 0.0005300506608)
(0.193 0.01215172181 0.0005300506608)
(0.1985 0.01215172181 0.0005300506608)
(0.204 0.01215172181 0.0005300506608)
(0.2095 0.01215172181 0.0005300506608)
(0.215 0.01215172181 0.0005300506608)
(0.2205 0.01215172181 0.0005300506608)
(0.226 0.01215172181 0.0005300506608)
(0.2315 0.01215172181 0.0005300506608)
(0.237 0.01215172181 0.0005300506608)
(0.2425 0.01215172181 0.0005300506608)
(0.248 0.01215172181 0.0005300506608)
(0.2535 0.01215172181 0.0005300506608)
(0.259 0.01215172181 0.0005300506608)
(0.2645 0.01215172181 0.0005300506608)
(0.27 0.01215172181 0.0005300506608)
(0.2755 0.01215172181 0.0005300506608)
(0.281 0.01215172181 0.0005300506608)
(0.2865 0.01215172181 0.0005300506608)
(0.292 0.01215172181 0.0005300506608)
(0.2975 0.01215172181 0.0005300506608)
(0.303 0.01215172181 0.0005300506608)
(0.3085 0.01215172181 0.0005300506608)
(0.314 0.01215172181 0.0005300506608)
(0.3195 0.01215172181 0.0005300506608)
(0.325 0.01215172181 0.0005300506608)
(0.3305 0.01215172181 0.0005300506608)
(0.336 0.01215172181 0.0005300506608)
(0.3415 0.01215172181 0.0005300506608)
(0.347 0.01215172181 0.0005300506608)
(0.3525 0.01215172181 0.0005300506608)
(0.358 0.01215172181 0.0005300506608)
(0.3635 0.01215172181 0.0005300506608)
(0.369 0.01215172181 0.0005300506608)
(0.3745 0.01215172181 0.0005300506608)
(0.38 0.01215172181 0.0005300506608)
(0.3855 0.01215172181 0.0005300506608)
(0.391 0.01215172181 0.0005300506608)
(0.3965 0.01215172181 0.0005300506608)
(0.402 0.01215172181 0.0005300506608)
(0.4075 0.01215172181 0.0005300506608)
(0.413 0.01215172181 0.0005300506608)
(0.4185 0.01215172181 0.0005300506608)
(0.424 0.01215172181 0.0005300506608)
(0.4295 0.01215172181 0.0005300506608)
(0.435 0.01215172181 0.0005300506608)
(0.4405 0.01215172181 0.0005300506608)
(0.446 0.01215172181 0.0005300506608)
(0.4515 0.01215172181 0.0005300506608)
(0.457 0.01215172181 0.0005300506608)
(0.4625 0.01215172181 0.0005300506608)
(0.468 0.01215172181 0.0005300506608)
(0.4735 0.01215172181 0.0005300506608)
(0.479 0.01215172181 0.0005300506608)
(0.4845 0.01215172181 0.0005300506608)
(0.49 0.01215172181 0.0005300506608)
(0.4955 0.01215172181 0.0005300506608)
(0.501 0.01215172181 0.0005300506608)
(0.5065 0.01215172181 0.0005300506608)
(0.512 0.01215172181 0.0005300506608)
(0.5175 0.01215172181 0.0005300506608)
(0.523 0.01215172181 0.0005300506608)
(0.5285 0.01215172181 0.0005300506608)
(0.534 0.01215172181 0.0005300506608)
(0.5395 0.01215172181 0.0005300506608)
(0.545 0.01215172181 0.0005300506608)
(0.5505 0.01215172181 0.0005300506608)
(0.556 0.01215172181 0.0005300506608)
(0.5615 0.01215172181 0.0005300506608)
(0.567 0.01215172181 0.0005300506608)
(0.5725 0.01215172181 0.0005300506608)
(0.578 0.01215172181 0.0005300506608)
(0.5835 0.01215172181 0.0005300506608)
(0.589 0.01215172181 0.0005300506608)
(0.5945 0.01215172181 0.0005300506608)
(0.6 0.01215172181 0.0005300506608)
(-0.5 0.01265 0.0005517852502)
(-0.4945 0.01265 0.0005517852502)
(-0.489 0.01265 0.0005517852502)
(-0.4835 0.01265 0.0005517852502)
(-0.478 0.01265 0.0005517852502)
(-0.4725 0.01265 0.0005517852502)
(-0.467 0.01265 0.0005517852502)
(-0.4615 0.01265 0.0005517852502)
(-0.456 0.01265 0.0005517852502)
(-0.4505 0.01265 0.0005517852502)
(-0.445 0.01265 0.0005517852502)
(-0.4395 0.01265 0.0005517852502)
(-0.434 0.01265 0.0005517852502)
(-0.4285 0.01265 0.0005517852502)
(-0.423 0.01265 0.0005517852502)
(-0.4175 0.01265 0.0005517852502)
(-0.412 0.01265 0.0005517852502)
(-0.4065 0.01265 0.0005517852502)
(-0.401 0.01265 0.0005517852502)
(-0.3955 0.01265 0.0005517852502)
(-0.39 0.01265 0.0005517852502)
(-0.3845 0.01265 0.0005517852502)
(-0.379 0.01265 0.0005517852502)
(-0.3735 0.01265 0.0005517852502)
(-0.368 0.01265 0.0005517852502)
(-0.3625 0.01265 0.0005517852502)
(-0.357 0.01265 0.0005517852502)
(-0.3515 0.01265 0.0005517852502)
(-0.346 0.01265 0.0005517852502)
(-0.3405 0.01265 0.0005517852502)
(-0.335 0.01265 0.0005517852502)
(-0.3295 0.01265 0.0005517852502)
(-0.324 0.01265 0.0005517852502)
(-0.3185 0.01265 0.0005517852502)
(-0.313 0.01265 0.0005517852502)
(-0.3075 0.01265 0.0005517852502)
(-0.302 0.01265 0.0005517852502)
(-0.2965 0.01265 0.0005517852502)
(-0.291 0.01265 0.0005517852502)
(-0.2855 0.01265 0.0005517852502)
(-0.28 0.01265 0.0005517852502)
(-0.2745 0.01265 0.0005517852502)
(-0.269 0.01265 0.0005517852502)
(-0.2635 0.01265 0.0005517852502)
(-0.258 0.01265 0.0005517852502)
(-0.2525 0.01265 0.0005517852502)
(-0.247 0.01265 0.0005517852502)
(-0.2415 0.01265 0.0005517852502)
(-0.236 0.01265 0.0005517852502)
(-0.2305 0.01265 0.0005517852502)
(-0.225 0.01265 0.0005517852502)
(-0.2195 0.01265 0.0005517852502)
(-0.214 0.01265 0.0005517852502)
(-0.2085 0.01265 0.0005517852502)
(-0.203 0.01265 0.0005517852502)
(-0.1975 0.01265 0.0005517852502)
(-0.192 0.01265 0.0005517852502)
(-0.1865 0.01265 0.0005517852502)
(-0.181 0.01265 0.0005517852502)
(-0.1755 0.01265 0.0005517852502)
(-0.17 0.01265 0.0005517852502)
(-0.1645 0.01265 0.0005517852502)
(-0.159 0.01265 0.0005517852502)
(-0.1535 0.01265 0.0005517852502)
(-0.148 0.01265 0.0005517852502)
(-0.1425 0.01265 0.0005517852502)
(-0.137 0.01265 0.0005517852502)
(-0.1315 0.01265 0.0005517852502)
(-0.126 0.01265 0.0005517852502)
(-0.1205 0.01265 0.0005517852502)
(-0.115 0.01265 0.0005517852502)
(-0.1095 0.01265 0.0005517852502)
(-0.104 0.01265 0.0005517852502)
(-0.0985 0.01265 0.0005517852502)
(-0.093 0.01265 0.0005517852502)
(-0.0875 0.01265 0.0005517852502)
(-0.082 0.01265 0.0005517852502)
(-0.0765 0.01265 0.0005517852502)
(-0.071 0.01265 0.0005517852502)
(-0.0655 0.01265 0.0005517852502)
(-0.06 0.01265 0.0005517852502)
(-0.0545 0.01265 0.0005517852502)
(-0.049 0.01265 0.0005517852502)
(-0.0435 0.01265 0.0005517852502)
(-0.038 0.01265 0.0005517852502)
(-0.0325 0.01265 0.0005517852502)
(-0.027 0.01265 0.0005517852502)
(-0.0215 0.01265 0.0005517852502)
(-0.016 0.01265 0.0005517852502)
(-0.0105 0.01265 0.0005517852502)
(-0.005 0.01265 0.0005517852502)
(0.0005 0.01265 0.0005517852502)
(0.006 0.01265 0.0005517852502)
(0.0115 0.01265 0.0005517852502)
(0.017 0.01265 0.0005517852502)
(0.0225 0.01265 0.0005517852502)
(0.028 0.01265 0.0005517852502)
(0.0335 0.01265 0.0005517852502)
(0.039 0.01265 0.0005517852502)
(0.0445 0.01265 0.0005517852502)
(0.05 0.01265 0.0005517852502)
(0.0555 0.01265 0.0005517852502)
(0.061 0.01265 0.0005517852502)
(0.0665 0.01265 0.0005517852502)
(0.072 0.01265 0.0005517852502)
(0.0775 0.01265 0.0005517852502)
(0.083 0.01265 0.0005517852502)
(0.0885 0.01265 0.0005517852502)
(0.094 0.01265 0.0005517852502)
(0.0995 0.01265 0.0005517852502)
(0.105 0.01265 0.0005517852502)
(0.1105 0.01265 0.0005517852502)
(0.116 0.01265 0.0005517852502)
(0.1215 0.01265 0.0005517852502)
(0.127 0.01265 0.0005517852502)
(0.1325 0.01265 0.0005517852502)
(0.138 0.01265 0.0005517852502)
(0.1435 0.01265 0.0005517852502)
(0.149 0.01265 0.0005517852502)
(0.1545 0.01265 0.0005517852502)
(0.16 0.01265 0.0005517852502)
(0.1655 0.01265 0.0005517852502)
(0.171 0.01265 0.0005517852502)
(0.1765 0.01265 0.0005517852502)
(0.182 0.01265 0.0005517852502)
(0.1875 0.01265 0.0005517852502)
(0.193 0.01265 0.0005517852502)
(0.1985 0.01265 0.0005517852502)
(0.204 0.01265 0.0005517852502)
(0.2095 0.01265 0.0005517852502)
(0.215 0.01265 0.0005517852502)
(0.2205 0.01265 0.0005517852502)
(0.226 0.01265 0.0005517852502)
(0.2315 0.01265 0.0005517852502)
(0.237 0.01265 0.0005517852502)
(0.2425 0.01265 0.0005517852502)
(0.248 0.01265 0.0005517852502)
(0.2535 0.01265 0.0005517852502)
(0.259 0.01265 0.0005517852502)
(0.2645 0.01265 0.0005517852502)
(0.27 0.01265 0.0005517852502)
(0.2755 0.01265 0.0005517852502)
(0.281 0.01265 0.0005517852502)
(0.2865 0.01265 0.0005517852502)
(0.292 0.01265 0.0005517852502)
(0.2975 0.01265 0.0005517852502)
(0.303 0.01265 0.0005517852502)
(0.3085 0.01265 0.0005517852502)
(0.314 0.01265 0.0005517852502)
(0.3195 0.01265 0.0005517852502)
(0.325 0.01265 0.0005517852502)
(0.3305 0.01265 0.0005517852502)
(0.336 0.01265 0.0005517852502)
(0.3415 0.01265 0.0005517852502)
(0.347 0.01265 0.0005517852502)
(0.3525 0.01265 0.0005517852502)
(0.358 0.01265 0.0005517852502)
(0.3635 0.01265 0.0005517852502)
(0.369 0.01265 0.0005517852502)
(0.3745 0.01265 0.0005517852502)
(0.38 0.01265 0.0005517852502)
(0.3855 0.01265 0.0005517852502)
(0.391 0.01265 0.0005517852502)
(0.3965 0.01265 0.0005517852502)
(0.402 0.01265 0.0005517852502)
(0.4075 0.01265 0.0005517852502)
(0.413 0.01265 0.0005517852502)
(0.4185 0.01265 0.0005517852502)
(0.424 0.01265 0.0005517852502)
(0.4295 0.01265 0.0005517852502)
(0.435 0.01265 0.0005517852502)
(0.4405 0.01265 0.0005517852502)
(0.446 0.01265 0.0005517852502)
(0.4515 0.01265 0.0005517852502)
(0.457 0.01265 0.0005517852502)
(0.4625 0.01265 0.0005517852502)
(0.468 0.01265 0.0005517852502)
(0.4735 0.01265 0.0005517852502)
(0.479 0.01265 0.0005517852502)
(0.4845 0.01265 0.0005517852502)
(0.49 0.01265 0.0005517852502)
(0.4955 0.01265 0.0005517852502)
(0.501 0.01265 0.0005517852502)
(0.5065 0.01265 0.0005517852502)
(0.512 0.01265 0.0005517852502)
(0.5175 0.01265 0.0005517852502)
(0.523 0.01265 0.0005517852502)
(0.5285 0.01265 0.0005517852502)
(0.534 0.01265 0.0005517852502)
(0.5395 0.01265 0.0005517852502)
(0.545 0.01265 0.0005517852502)
(0.5505 0.01265 0.0005517852502)
(0.556 0.01265 0.0005517852502)
(0.5615 0.01265 0.0005517852502)
(0.567 0.01265 0.0005517852502)
(0.5725 0.01265 0.0005517852502)
(0.578 0.01265 0.0005517852502)
(0.5835 0.01265 0.0005517852502)
(0.589 0.01265 0.0005517852502)
(0.5945 0.01265 0.0005517852502)
(0.6 0.01265 0.0005517852502)
(-0.5 0 0)
(-0.4945 0 0)
(-0.489 0 0)
(-0.4835 0 0)
(-0.478 0 0)
(-0.4725 0 0)
(-0.467 0 0)
(-0.4615 0 0)
(-0.456 0 0)
(-0.4505 0 0)
(-0.445 0 0)
(-0.4395 0 0)
(-0.434 0 0)
(-0.4285 0 0)
(-0.423 0 0)
(-0.4175 0 0)
(-0.412 0 0)
(-0.4065 0 0)
(-0.401 0 0)
(-0.3955 0 0)
(-0.39 0 0)
(-0.3845 0 0)
(-0.379 0 0)
(-0.3735 0 0)
(-0.368 0 0)
(-0.3625 0 0)
(-0.357 0 0)
(-0.3515 0 0)
(-0.346 0 0)
(-0.3405 0 0)
(-0.335 0 0)
(-0.3295 0 0)
(-0.324 0 0)
(-0.3185 0 0)
(-0.313 0 0)
(-0.3075 0 0)
(-0.302 0 0)
(-0.2965 0 0)
(-0.291 0 0)
(-0.2855 0 0)
(-0.28 0 0)
(-0.2745 0 0)
(-0.269 0 0)
(-0.2635 0 0)
(-0.258 0 0)
(-0.2525 0 0)
(-0.247 0 0)
(-0.2415 0 0)
(-0.236 0 0)
(-0.2305 0 0)
(-0.225 0 0)
(-0.2195 0 0)
(-0.214 0 0)
(-0.2085 0 0)
(-0.203 0 0)
(-0.1975 0 0)
(-0.192 0 0)
(-0.1865 0 0)
(-0.181 0 0)
(-0.1755 0 0)
(-0.17 0 0)
(-0.1645 0 0)
(-0.159 0 0)
(-0.1535 0 0)
(-0.148 0 0)
(-0.1425 0 0)
(-0.137 0 0)
(-0.1315 0 0)
(-0.126 0 0)
(-0.1205 0 0)
(-0.115 0 0)
(-0.1095 0 0)
(-0.104 0 0)
(-0.0985 0 0)
(-0.093 0 0)
(-0.0875 0 0)
(-0.082 0 0)
(-0.0765 0 0)
(-0.071 0 0)
(-0.0655 0 0)
(-0.06 0 0)
(-0.0545 0 0)
(-0.049 0 0)
(-0.0435 0 0)
(-0.038 0 0)
(-0.0325 0 0)
(-0.027 0 0)
(-0.0215 0 0)
(-0.016 0 0)
(-0.0105 0 0)
(-0.005 0 0)
(0.0005 0 0)
(0.006 0 0)
(0.0115 0 0)
(0.017 0 0)
(0.0225 0 0)
(0.028 0 0)
(0.0335 0 0)
(0.039 0 0)
(0.0445 0 0)
(0.05 0 0)
(0.0555 0 0)
(0.061 0 0)
(0.0665 0 0)
(0.072 0 0)
(0.0775 0 0)
(0.083 0 0)
(0.0885 0 0)
(0.094 0 0)
(0.0995 0 0)
(0.105 0 0)
(0.1105 0 0)
(0.116 0 0)
(0.1215 0 0)
(0.127 0 0)
(0.1325 0 0)
(0.138 0 0)
(0.1435 0 0)
(0.149 0 0)
(0.1545 0 0)
(0.16 0 0)
(0.1655 0 0)
(0.171 0 0)
(0.1765 0 0)
(0.182 0 0)
(0.1875 0 0)
(0.193 0 0)
(0.1985 0 0)
(0.204 0 0)
(0.2095 0 0)
(0.215 0 0)
(0.2205 0 0)
(0.226 0 0)
(0.2315 0 0)
(0.237 0 0)
(0.2425 0 0)
(0.248 0 0)
(0.2535 0 0)
(0.259 0 0)
(0.2645 0 0)
(0.27 0 0)
(0.2755 0 0)
(0.281 0 0)
(0.2865 0 0)
(0.292 0 0)
(0.2975 0 0)
(0.303 0 0)
(0.3085 0 0)
(0.314 0 0)
(0.3195 0 0)
(0.325 0 0)
(0.3305 0 0)
(0.336 0 0)
(0.3415 0 0)
(0.347 0 0)
(0.3525 0 0)
(0.358 0 0)
(0.3635 0 0)
(0.369 0 0)
(0.3745 0 0)
(0.38 0 0)
(0.3855 0 0)
(0.391 0 0)
(0.3965 0 0)
(0.402 0 0)
(0.4075 0 0)
(0.413 0 0)
(0.4185 0 0)
(0.424 0 0)
(0.4295 0 0)
(0.435 0 0)
(0.4405 0 0)
(0.446 0 0)
(0.4515 0 0)
(0.457 0 0)
(0.4625 0 0)
(0.468 0 0)
(0.4735 0 0)
(0.479 0 0)
(0.4845 0 0)
(0.49 0 0)
(0.4955 0 0)
(0.501 0 0)
(0.5065 0 0)
(0.512 0 0)
(0.5175 0 0)
(0.523 0 0)
(0.5285 0 0)
(0.534 0 0)
(0.5395 0 0)
(0.545 0 0)
(0.5505 0 0)
(0.556 0 0)
(0.5615 0 0)
(0.567 0 0)
(0.5725 0 0)
(0.578 0 0)
(0.5835 0 0)
(0.589 0 0)
(0.5945 0 0)
(0.6 0 0)
)


// ************************************************************************* //
