/*--------------------------------*- C++ -*----------------------------------*\
  =========                 |
  \\      /  F ield         | OpenFOAM: The Open Source CFD Toolbox
   \\    /   O peration     | Website:  https://openfoam.org
    \\  /    A nd           | Version:  12
     \\/     M anipulation  |
\*---------------------------------------------------------------------------*/
FoamFile
{
    format      ascii;
    class       labelList;
    location    "0";
    object      pointPriority;
}
// * * * * * * * * * * * * * * * * * * * * * * * * * * * * * * * * * * * * * //


2613
(
-2147483648
-2147483648
-2147483648
-2147483648
-2147483648
-2147483648
-2147483648
-2147483648
-2147483648
-2147483648
-2147483648
-2147483648
-2147483648
-2147483648
-2147483648
-2147483648
-2147483648
-2147483648
-2147483648
-2147483648
-2147483648
-2147483648
-2147483648
-2147483648
-2147483648
-2147483648
-2147483648
-2147483648
-2147483648
-2147483648
-2147483648
-2147483648
-2147483648
-2147483648
-2147483648
-2147483648
-2147483648
-2147483648
-2147483648
-2147483648
-2147483648
-2147483648
-2147483648
-2147483648
-2147483648
-2147483648
-2147483648
-2147483648
-2147483648
-2147483648
-2147483648
-2147483648
-2147483648
-2147483648
-2147483648
-2147483648
-2147483648
-2147483648
-2147483648
-2147483648
-2147483648
-2147483648
-2147483648
-2147483648
-2147483648
-2147483648
-2147483648
-2147483648
-2147483648
-2147483648
-2147483648
-2147483648
-2147483648
-2147483648
-2147483648
-2147483648
-2147483648
-2147483648
-2147483648
-2147483648
-2147483648
-2147483648
-2147483648
-2147483648
-2147483648
-2147483648
-2147483648
-2147483648
-2147483648
-2147483648
-2147483648
-2147483648
-2147483648
-2147483648
-2147483648
-2147483648
-2147483648
-2147483648
-2147483648
-2147483648
-2147483648
-2147483648
-2147483648
-2147483648
-2147483648
-2147483648
-2147483648
-2147483648
-2147483648
-2147483648
-2147483648
-2147483648
-2147483648
-2147483648
-2147483648
-2147483648
-2147483648
-2147483648
-2147483648
-2147483648
-2147483648
-2147483648
-2147483648
-2147483648
-2147483648
-2147483648
-2147483648
-2147483648
-2147483648
-2147483648
-2147483648
-2147483648
-2147483648
-2147483648
-2147483648
-2147483648
-2147483648
-2147483648
-2147483648
-2147483648
-2147483648
-2147483648
-2147483648
-2147483648
-2147483648
-2147483648
-2147483648
-2147483648
-2147483648
-2147483648
-2147483648
-2147483648
-2147483648
-2147483648
-2147483648
-2147483648
-2147483648
-2147483648
-2147483648
-2147483648
-2147483648
-2147483648
-2147483648
-2147483648
-2147483648
-2147483648
-2147483648
-2147483648
-2147483648
-2147483648
-2147483648
-2147483648
-2147483648
-2147483648
-2147483648
-2147483648
-2147483648
-2147483648
-2147483648
-2147483648
-2147483648
-2147483648
-2147483648
-2147483648
-2147483648
-2147483648
-2147483648
-2147483648
-2147483648
-2147483648
-2147483648
-2147483648
-2147483648
-2147483648
-2147483648
-2147483648
-2147483648
-2147483648
-2147483648
-2147483648
-2147483648
-2147483648
-2147483648
-2147483648
-2147483648
-2147483648
-2147483648
-2147483648
-2147483648
-2147483648
-2147483648
-2147483648
-2147483648
-2147483648
-2147483648
-2147483648
-2147483648
-2147483648
-2147483648
-2147483648
-2147483648
-2147483648
-2147483648
-2147483648
-2147483648
-2147483648
-2147483648
-2147483648
-2147483648
-2147483648
-2147483648
-2147483648
-2147483648
-2147483648
-2147483648
-2147483648
-2147483648
-2147483648
-2147483648
-2147483648
-2147483648
-2147483648
-2147483648
-2147483648
-2147483648
-2147483648
-2147483648
-2147483648
-2147483648
-2147483648
-2147483648
-2147483648
-2147483648
-2147483648
-2147483648
-2147483648
-2147483648
-2147483648
-2147483648
-2147483648
-2147483648
-2147483648
-2147483648
-2147483648
-2147483648
-2147483648
-2147483648
-2147483648
-2147483648
-2147483648
-2147483648
-2147483648
-2147483648
-2147483648
-2147483648
-2147483648
-2147483648
-2147483648
-2147483648
-2147483648
-2147483648
-2147483648
-2147483648
-2147483648
-2147483648
-2147483648
-2147483648
-2147483648
-2147483648
-2147483648
-2147483648
-2147483648
-2147483648
-2147483648
-2147483648
-2147483648
-2147483648
-2147483648
-2147483648
-2147483648
-2147483648
-2147483648
-2147483648
-2147483648
-2147483648
-2147483648
-2147483648
-2147483648
-2147483648
-2147483648
-2147483648
-2147483648
-2147483648
-2147483648
-2147483648
-2147483648
-2147483648
-2147483648
-2147483648
-2147483648
-2147483648
-2147483648
-2147483648
-2147483648
-2147483648
-2147483648
-2147483648
-2147483648
-2147483648
-2147483648
-2147483648
-2147483648
-2147483648
-2147483648
-2147483648
-2147483648
-2147483648
-2147483648
-2147483648
-2147483648
-2147483648
-2147483648
-2147483648
-2147483648
-2147483648
-2147483648
-2147483648
-2147483648
-2147483648
-2147483648
-2147483648
-2147483648
-2147483648
-2147483648
-2147483648
-2147483648
-2147483648
-2147483648
-2147483648
-2147483648
-2147483648
-2147483648
-2147483648
-2147483648
-2147483648
-2147483648
-2147483648
-2147483648
-2147483648
-2147483648
-2147483648
-2147483648
-2147483648
-2147483648
-2147483648
-2147483648
-2147483648
-2147483648
-2147483648
-2147483648
-2147483648
-2147483648
-2147483648
-2147483648
-2147483648
-2147483648
-2147483648
-2147483648
-2147483648
-2147483648
-2147483648
-2147483648
-2147483648
-2147483648
-2147483648
-2147483648
-2147483648
-2147483648
-2147483648
-2147483648
-2147483648
-2147483648
-2147483648
-2147483648
-2147483648
-2147483648
-2147483648
-2147483648
-2147483648
-2147483648
-2147483648
-2147483648
-2147483648
-2147483648
-2147483648
-2147483648
-2147483648
-2147483648
-2147483648
-2147483648
-2147483648
-2147483648
-2147483648
-2147483648
-2147483648
-2147483648
-2147483648
-2147483648
-2147483648
-2147483648
-2147483648
-2147483648
-2147483648
-2147483648
-2147483648
-2147483648
-2147483648
-2147483648
-2147483648
-2147483648
-2147483648
-2147483648
-2147483648
-2147483648
-2147483648
-2147483648
-2147483648
-2147483648
-2147483648
-2147483648
-2147483648
-2147483648
-2147483648
-2147483648
-2147483648
-2147483648
-2147483648
-2147483648
-2147483648
-2147483648
-2147483648
-2147483648
-2147483648
-2147483648
-2147483648
-2147483648
-2147483648
-2147483648
-2147483648
-2147483648
-2147483648
-2147483648
-2147483648
-2147483648
-2147483648
-2147483648
-2147483648
-2147483648
-2147483648
-2147483648
-2147483648
-2147483648
-2147483648
-2147483648
-2147483648
-2147483648
-2147483648
-2147483648
-2147483648
-2147483648
-2147483648
-2147483648
-2147483648
-2147483648
-2147483648
-2147483648
-2147483648
-2147483648
-2147483648
-2147483648
-2147483648
-2147483648
-2147483648
-2147483648
-2147483648
-2147483648
-2147483648
-2147483648
-2147483648
-2147483648
-2147483648
-2147483648
-2147483648
-2147483648
-2147483648
-2147483648
-2147483648
-2147483648
-2147483648
-2147483648
-2147483648
-2147483648
-2147483648
-2147483648
-2147483648
-2147483648
-2147483648
-2147483648
-2147483648
-2147483648
-2147483648
-2147483648
-2147483648
-2147483648
-2147483648
-2147483648
-2147483648
-2147483648
-2147483648
-2147483648
-2147483648
-2147483648
-2147483648
-2147483648
-2147483648
-2147483648
-2147483648
-2147483648
-2147483648
-2147483648
-2147483648
-2147483648
-2147483648
-2147483648
-2147483648
-2147483648
-2147483648
-2147483648
-2147483648
-2147483648
-2147483648
-2147483648
-2147483648
-2147483648
-2147483648
-2147483648
-2147483648
-2147483648
-2147483648
-2147483648
-2147483648
-2147483648
-2147483648
-2147483648
-2147483648
-2147483648
-2147483648
-2147483648
-2147483648
-2147483648
-2147483648
-2147483648
-2147483648
-2147483648
-2147483648
-2147483648
-2147483648
-2147483648
-2147483648
-2147483648
-2147483648
-2147483648
-2147483648
-2147483648
-2147483648
-2147483648
-2147483648
-2147483648
-2147483648
-2147483648
-2147483648
-2147483648
-2147483648
-2147483648
-2147483648
-2147483648
-2147483648
-2147483648
-2147483648
-2147483648
-2147483648
-2147483648
-2147483648
-2147483648
-2147483648
-2147483648
-2147483648
-2147483648
-2147483648
-2147483648
-2147483648
-2147483648
-2147483648
-2147483648
-2147483648
-2147483648
-2147483648
-2147483648
-2147483648
-2147483648
-2147483648
-2147483648
-2147483648
-2147483648
-2147483648
-2147483648
-2147483648
-2147483648
-2147483648
-2147483648
-2147483648
-2147483648
-2147483648
-2147483648
-2147483648
-2147483648
-2147483648
-2147483648
-2147483648
-2147483648
-2147483648
-2147483648
-2147483648
-2147483648
-2147483648
-2147483648
-2147483648
-2147483648
-2147483648
-2147483648
-2147483648
-2147483648
-2147483648
-2147483648
-2147483648
-2147483648
-2147483648
-2147483648
-2147483648
-2147483648
-2147483648
-2147483648
-2147483648
-2147483648
-2147483648
-2147483648
-2147483648
-2147483648
-2147483648
-2147483648
-2147483648
-2147483648
-2147483648
-2147483648
-2147483648
-2147483648
-2147483648
-2147483648
-2147483648
-2147483648
-2147483648
-2147483648
-2147483648
-2147483648
-2147483648
-2147483648
-2147483648
-2147483648
-2147483648
-2147483648
-2147483648
-2147483648
-2147483648
-2147483648
-2147483648
-2147483648
-2147483648
-2147483648
-2147483648
-2147483648
-2147483648
-2147483648
-2147483648
-2147483648
-2147483648
-2147483648
-2147483648
-2147483648
-2147483648
-2147483648
-2147483648
-2147483648
-2147483648
-2147483648
-2147483648
-2147483648
-2147483648
-2147483648
-2147483648
-2147483648
-2147483648
-2147483648
-2147483648
-2147483648
-2147483648
-2147483648
-2147483648
-2147483648
-2147483648
-2147483648
-2147483648
-2147483648
-2147483648
-2147483648
-2147483648
-2147483648
-2147483648
-2147483648
-2147483648
-2147483648
-2147483648
-2147483648
-2147483648
-2147483648
-2147483648
-2147483648
-2147483648
-2147483648
-2147483648
-2147483648
-2147483648
-2147483648
-2147483648
-2147483648
-2147483648
-2147483648
-2147483648
-2147483648
-2147483648
-2147483648
-2147483648
-2147483648
-2147483648
-2147483648
-2147483648
-2147483648
-2147483648
-2147483648
-2147483648
-2147483648
-2147483648
-2147483648
-2147483648
-2147483648
-2147483648
-2147483648
-2147483648
-2147483648
-2147483648
-2147483648
-2147483648
-2147483648
-2147483648
-2147483648
-2147483648
-2147483648
-2147483648
-2147483648
-2147483648
-2147483648
-2147483648
-2147483648
-2147483648
-2147483648
-2147483648
-2147483648
-2147483648
-2147483648
-2147483648
-2147483648
-2147483648
-2147483648
-2147483648
-2147483648
-2147483648
-2147483648
-2147483648
-2147483648
-2147483648
-2147483648
-2147483648
-2147483648
-2147483648
-2147483648
-2147483648
-2147483648
-2147483648
-2147483648
-2147483648
-2147483648
-2147483648
-2147483648
-2147483648
-2147483648
-2147483648
-2147483648
-2147483648
-2147483648
-2147483648
-2147483648
-2147483648
-2147483648
-2147483648
-2147483648
-2147483648
-2147483648
-2147483648
-2147483648
-2147483648
-2147483648
-2147483648
-2147483648
-2147483648
-2147483648
-2147483648
-2147483648
-2147483648
-2147483648
-2147483648
-2147483648
-2147483648
-2147483648
-2147483648
-2147483648
-2147483648
-2147483648
-2147483648
-2147483648
-2147483648
-2147483648
-2147483648
-2147483648
-2147483648
-2147483648
-2147483648
-2147483648
-2147483648
-2147483648
-2147483648
-2147483648
-2147483648
-2147483648
-2147483648
-2147483648
-2147483648
-2147483648
-2147483648
-2147483648
-2147483648
-2147483648
-2147483648
-2147483648
-2147483648
-2147483648
-2147483648
-2147483648
-2147483648
-2147483648
-2147483648
-2147483648
-2147483648
-2147483648
-2147483648
-2147483648
-2147483648
-2147483648
-2147483648
-2147483648
-2147483648
-2147483648
-2147483648
-2147483648
-2147483648
-2147483648
-2147483648
-2147483648
-2147483648
-2147483648
-2147483648
-2147483648
-2147483648
-2147483648
-2147483648
-2147483648
-2147483648
-2147483648
-2147483648
-2147483648
-2147483648
-2147483648
-2147483648
-2147483648
-2147483648
-2147483648
-2147483648
-2147483648
-2147483648
-2147483648
-2147483648
-2147483648
-2147483648
-2147483648
-2147483648
-2147483648
-2147483648
-2147483648
-2147483648
-2147483648
-2147483648
-2147483648
-2147483648
-2147483648
-2147483648
-2147483648
-2147483648
-2147483648
-2147483648
-2147483648
-2147483648
-2147483648
-2147483648
-2147483648
-2147483648
-2147483648
-2147483648
-2147483648
-2147483648
-2147483648
-2147483648
-2147483648
-2147483648
-2147483648
-2147483648
-2147483648
-2147483648
-2147483648
-2147483648
-2147483648
-2147483648
-2147483648
-2147483648
-2147483648
-2147483648
-2147483648
-2147483648
-2147483648
-2147483648
-2147483648
-2147483648
-2147483648
-2147483648
-2147483648
-2147483648
-2147483648
-2147483648
-2147483648
-2147483648
-2147483648
-2147483648
-2147483648
-2147483648
-2147483648
-2147483648
-2147483648
-2147483648
-2147483648
-2147483648
-2147483648
-2147483648
-2147483648
-2147483648
-2147483648
-2147483648
-2147483648
-2147483648
-2147483648
-2147483648
-2147483648
-2147483648
-2147483648
-2147483648
-2147483648
-2147483648
-2147483648
-2147483648
-2147483648
-2147483648
-2147483648
-2147483648
-2147483648
-2147483648
-2147483648
-2147483648
-2147483648
-2147483648
-2147483648
-2147483648
-2147483648
-2147483648
-2147483648
-2147483648
-2147483648
-2147483648
-2147483648
-2147483648
-2147483648
-2147483648
-2147483648
-2147483648
-2147483648
-2147483648
-2147483648
-2147483648
-2147483648
-2147483648
-2147483648
-2147483648
-2147483648
-2147483648
-2147483648
-2147483648
-2147483648
-2147483648
-2147483648
-2147483648
-2147483648
-2147483648
-2147483648
-2147483648
-2147483648
-2147483648
-2147483648
-2147483648
-2147483648
-2147483648
-2147483648
-2147483648
-2147483648
-2147483648
-2147483648
-2147483648
-2147483648
-2147483648
-2147483648
-2147483648
-2147483648
-2147483648
-2147483648
-2147483648
-2147483648
-2147483648
-2147483648
-2147483648
-2147483648
-2147483648
-2147483648
-2147483648
-2147483648
-2147483648
-2147483648
-2147483648
-2147483648
-2147483648
-2147483648
-2147483648
-2147483648
-2147483648
-2147483648
-2147483648
-2147483648
-2147483648
-2147483648
-2147483648
-2147483648
-2147483648
-2147483648
-2147483648
-2147483648
-2147483648
-2147483648
-2147483648
-2147483648
-2147483648
-2147483648
-2147483648
-2147483648
-2147483648
-2147483648
-2147483648
-2147483648
-2147483648
-2147483648
-2147483648
-2147483648
-2147483648
-2147483648
-2147483648
-2147483648
-2147483648
-2147483648
-2147483648
-2147483648
-2147483648
-2147483648
-2147483648
-2147483648
-2147483648
-2147483648
-2147483648
-2147483648
-2147483648
-2147483648
-2147483648
-2147483648
-2147483648
-2147483648
-2147483648
-2147483648
-2147483648
-2147483648
-2147483648
-2147483648
-2147483648
-2147483648
-2147483648
-2147483648
-2147483648
-2147483648
-2147483648
-2147483648
-2147483648
-2147483648
-2147483648
-2147483648
-2147483648
-2147483648
-2147483648
-2147483648
-2147483648
-2147483648
-2147483648
-2147483648
-2147483648
-2147483648
-2147483648
-2147483648
-2147483648
-2147483648
-2147483648
-2147483648
-2147483648
-2147483648
-2147483648
-2147483648
-2147483648
-2147483648
-2147483648
-2147483648
-2147483648
-2147483648
-2147483648
-2147483648
-2147483648
-2147483648
-2147483648
-2147483648
-2147483648
-2147483648
-2147483648
-2147483648
-2147483648
-2147483648
-2147483648
-2147483648
-2147483648
-2147483648
-2147483648
-2147483648
-2147483648
-2147483648
-2147483648
-2147483648
-2147483648
-2147483648
-2147483648
-2147483648
-2147483648
-2147483648
-2147483648
-2147483648
-2147483648
-2147483648
-2147483648
-2147483648
-2147483648
-2147483648
-2147483648
-2147483648
-2147483648
-2147483648
-2147483648
-2147483648
-2147483648
-2147483648
-2147483648
-2147483648
-2147483648
-2147483648
-2147483648
-2147483648
-2147483648
-2147483648
-2147483648
-2147483648
-2147483648
-2147483648
-2147483648
-2147483648
-2147483648
-2147483648
-2147483648
-2147483648
-2147483648
-2147483648
-2147483648
-2147483648
-2147483648
-2147483648
-2147483648
-2147483648
-2147483648
-2147483648
-2147483648
-2147483648
-2147483648
-2147483648
-2147483648
-2147483648
-2147483648
-2147483648
-2147483648
-2147483648
-2147483648
-2147483648
-2147483648
-2147483648
-2147483648
-2147483648
-2147483648
-2147483648
-2147483648
-2147483648
-2147483648
-2147483648
-2147483648
-2147483648
-2147483648
-2147483648
-2147483648
-2147483648
-2147483648
-2147483648
-2147483648
-2147483648
-2147483648
-2147483648
-2147483648
-2147483648
-2147483648
-2147483648
-2147483648
-2147483648
-2147483648
-2147483648
-2147483648
-2147483648
-2147483648
-2147483648
-2147483648
-2147483648
-2147483648
-2147483648
-2147483648
-2147483648
-2147483648
-2147483648
-2147483648
-2147483648
-2147483648
-2147483648
-2147483648
-2147483648
-2147483648
-2147483648
-2147483648
-2147483648
-2147483648
-2147483648
-2147483648
-2147483648
-2147483648
-2147483648
-2147483648
-2147483648
-2147483648
-2147483648
-2147483648
-2147483648
-2147483648
-2147483648
-2147483648
-2147483648
-2147483648
-2147483648
-2147483648
-2147483648
-2147483648
-2147483648
-2147483648
-2147483648
-2147483648
-2147483648
-2147483648
-2147483648
-2147483648
-2147483648
-2147483648
-2147483648
-2147483648
-2147483648
-2147483648
-2147483648
-2147483648
-2147483648
-2147483648
-2147483648
-2147483648
-2147483648
-2147483648
-2147483648
-2147483648
-2147483648
-2147483648
-2147483648
-2147483648
-2147483648
-2147483648
-2147483648
-2147483648
-2147483648
-2147483648
-2147483648
-2147483648
-2147483648
-2147483648
-2147483648
-2147483648
-2147483648
-2147483648
-2147483648
-2147483648
-2147483648
-2147483648
-2147483648
-2147483648
-2147483648
-2147483648
-2147483648
-2147483648
-2147483648
-2147483648
-2147483648
-2147483648
-2147483648
-2147483648
-2147483648
-2147483648
-2147483648
-2147483648
-2147483648
-2147483648
-2147483648
-2147483648
-2147483648
-2147483648
-2147483648
-2147483648
-2147483648
-2147483648
-2147483648
-2147483648
-2147483648
-2147483648
-2147483648
-2147483648
-2147483648
-2147483648
-2147483648
-2147483648
-2147483648
-2147483648
-2147483648
-2147483648
-2147483648
-2147483648
-2147483648
-2147483648
-2147483648
-2147483648
-2147483648
-2147483648
-2147483648
-2147483648
-2147483648
-2147483648
-2147483648
-2147483648
-2147483648
-2147483648
-2147483648
-2147483648
-2147483648
-2147483648
-2147483648
-2147483648
-2147483648
-2147483648
-2147483648
-2147483648
-2147483648
-2147483648
-2147483648
-2147483648
-2147483648
-2147483648
-2147483648
-2147483648
-2147483648
-2147483648
-2147483648
-2147483648
-2147483648
-2147483648
-2147483648
-2147483648
-2147483648
-2147483648
-2147483648
-2147483648
-2147483648
-2147483648
-2147483648
-2147483648
-2147483648
-2147483648
-2147483648
-2147483648
-2147483648
-2147483648
-2147483648
-2147483648
-2147483648
-2147483648
-2147483648
-2147483648
-2147483648
-2147483648
-2147483648
-2147483648
-2147483648
-2147483648
-2147483648
-2147483648
-2147483648
-2147483648
-2147483648
-2147483648
-2147483648
-2147483648
-2147483648
-2147483648
-2147483648
-2147483648
-2147483648
-2147483648
-2147483648
-2147483648
-2147483648
-2147483648
-2147483648
-2147483648
-2147483648
-2147483648
-2147483648
-2147483648
-2147483648
-2147483648
-2147483648
-2147483648
-2147483648
-2147483648
-2147483648
-2147483648
-2147483648
-2147483648
-2147483648
-2147483648
-2147483648
-2147483648
-2147483648
-2147483648
-2147483648
-2147483648
-2147483648
-2147483648
-2147483648
-2147483648
-2147483648
-2147483648
-2147483648
-2147483648
-2147483648
-2147483648
-2147483648
-2147483648
-2147483648
-2147483648
-2147483648
-2147483648
-2147483648
-2147483648
-2147483648
-2147483648
-2147483648
-2147483648
-2147483648
-2147483648
-2147483648
-2147483648
-2147483648
-2147483648
-2147483648
-2147483648
-2147483648
-2147483648
-2147483648
-2147483648
-2147483648
-2147483648
-2147483648
-2147483648
-2147483648
-2147483648
-2147483648
-2147483648
-2147483648
-2147483648
-2147483648
-2147483648
-2147483648
-2147483648
-2147483648
-2147483648
-2147483648
-2147483648
-2147483648
-2147483648
-2147483648
-2147483648
-2147483648
-2147483648
-2147483648
-2147483648
-2147483648
-2147483648
-2147483648
-2147483648
-2147483648
-2147483648
-2147483648
-2147483648
-2147483648
-2147483648
-2147483648
-2147483648
-2147483648
-2147483648
-2147483648
-2147483648
-2147483648
-2147483648
-2147483648
-2147483648
-2147483648
-2147483648
-2147483648
-2147483648
-2147483648
-2147483648
-2147483648
-2147483648
-2147483648
-2147483648
-2147483648
-2147483648
-2147483648
-2147483648
-2147483648
-2147483648
-2147483648
-2147483648
-2147483648
-2147483648
-2147483648
-2147483648
-2147483648
-2147483648
-2147483648
-2147483648
-2147483648
-2147483648
-2147483648
-2147483648
-2147483648
-2147483648
-2147483648
-2147483648
-2147483648
-2147483648
-2147483648
-2147483648
-2147483648
-2147483648
-2147483648
-2147483648
-2147483648
-2147483648
-2147483648
-2147483648
-2147483648
-2147483648
-2147483648
-2147483648
-2147483648
-2147483648
-2147483648
-2147483648
-2147483648
-2147483648
-2147483648
-2147483648
-2147483648
-2147483648
-2147483648
-2147483648
-2147483648
-2147483648
-2147483648
-2147483648
-2147483648
-2147483648
-2147483648
-2147483648
-2147483648
-2147483648
-2147483648
-2147483648
-2147483648
-2147483648
-2147483648
-2147483648
-2147483648
-2147483648
-2147483648
-2147483648
-2147483648
-2147483648
-2147483648
-2147483648
-2147483648
-2147483648
-2147483648
-2147483648
-2147483648
-2147483648
-2147483648
-2147483648
-2147483648
-2147483648
-2147483648
-2147483648
-2147483648
-2147483648
-2147483648
-2147483648
-2147483648
-2147483648
-2147483648
-2147483648
-2147483648
-2147483648
-2147483648
-2147483648
-2147483648
-2147483648
-2147483648
-2147483648
-2147483648
-2147483648
-2147483648
-2147483648
-2147483648
-2147483648
-2147483648
-2147483648
-2147483648
-2147483648
-2147483648
-2147483648
-2147483648
-2147483648
-2147483648
-2147483648
-2147483648
-2147483648
-2147483648
-2147483648
-2147483648
-2147483648
-2147483648
-2147483648
-2147483648
-2147483648
-2147483648
-2147483648
-2147483648
-2147483648
-2147483648
-2147483648
-2147483648
-2147483648
-2147483648
-2147483648
-2147483648
-2147483648
-2147483648
-2147483648
-2147483648
-2147483648
-2147483648
-2147483648
-2147483648
-2147483648
-2147483648
-2147483648
-2147483648
-2147483648
-2147483648
-2147483648
-2147483648
-2147483648
-2147483648
-2147483648
-2147483648
-2147483648
-2147483648
-2147483648
-2147483648
-2147483648
-2147483648
-2147483648
-2147483648
-2147483648
-2147483648
-2147483648
-2147483648
-2147483648
-2147483648
-2147483648
-2147483648
-2147483648
-2147483648
-2147483648
-2147483648
-2147483648
-2147483648
-2147483648
-2147483648
-2147483648
-2147483648
-2147483648
-2147483648
-2147483648
-2147483648
-2147483648
-2147483648
-2147483648
-2147483648
-2147483648
-2147483648
-2147483648
-2147483648
-2147483648
-2147483648
-2147483648
-2147483648
-2147483648
-2147483648
-2147483648
-2147483648
-2147483648
-2147483648
-2147483648
-2147483648
-2147483648
-2147483648
-2147483648
-2147483648
-2147483648
-2147483648
-2147483648
-2147483648
-2147483648
-2147483648
-2147483648
-2147483648
-2147483648
-2147483648
-2147483648
-2147483648
-2147483648
-2147483648
-2147483648
-2147483648
-2147483648
-2147483648
-2147483648
-2147483648
-2147483648
-2147483648
-2147483648
-2147483648
-2147483648
-2147483648
-2147483648
-2147483648
-2147483648
-2147483648
-2147483648
-2147483648
-2147483648
-2147483648
-2147483648
-2147483648
-2147483648
-2147483648
-2147483648
-2147483648
-2147483648
-2147483648
-2147483648
-2147483648
-2147483648
-2147483648
-2147483648
-2147483648
-2147483648
-2147483648
-2147483648
-2147483648
-2147483648
-2147483648
-2147483648
-2147483648
-2147483648
-2147483648
-2147483648
-2147483648
-2147483648
-2147483648
-2147483648
-2147483648
-2147483648
-2147483648
-2147483648
-2147483648
-2147483648
-2147483648
-2147483648
-2147483648
-2147483648
-2147483648
-2147483648
-2147483648
-2147483648
-2147483648
-2147483648
-2147483648
-2147483648
-2147483648
-2147483648
-2147483648
-2147483648
-2147483648
-2147483648
-2147483648
-2147483648
-2147483648
-2147483648
-2147483648
-2147483648
-2147483648
-2147483648
-2147483648
-2147483648
-2147483648
-2147483648
-2147483648
-2147483648
-2147483648
-2147483648
-2147483648
-2147483648
-2147483648
-2147483648
-2147483648
-2147483648
-2147483648
-2147483648
-2147483648
-2147483648
-2147483648
-2147483648
-2147483648
-2147483648
-2147483648
-2147483648
-2147483648
-2147483648
-2147483648
-2147483648
-2147483648
-2147483648
-2147483648
-2147483648
-2147483648
-2147483648
-2147483648
-2147483648
-2147483648
-2147483648
-2147483648
-2147483648
-2147483648
-2147483648
-2147483648
-2147483648
-2147483648
-2147483648
-2147483648
-2147483648
-2147483648
-2147483648
-2147483648
-2147483648
-2147483648
-2147483648
-2147483648
-2147483648
-2147483648
-2147483648
-2147483648
-2147483648
-2147483648
-2147483648
-2147483648
-2147483648
-2147483648
-2147483648
-2147483648
-2147483648
-2147483648
-2147483648
-2147483648
-2147483648
-2147483648
-2147483648
-2147483648
-2147483648
-2147483648
-2147483648
-2147483648
-2147483648
-2147483648
-2147483648
-2147483648
-2147483648
-2147483648
-2147483648
-2147483648
-2147483648
-2147483648
-2147483648
-2147483648
-2147483648
-2147483648
-2147483648
-2147483648
-2147483648
-2147483648
-2147483648
-2147483648
-2147483648
-2147483648
-2147483648
-2147483648
-2147483648
-2147483648
-2147483648
-2147483648
-2147483648
-2147483648
-2147483648
-2147483648
-2147483648
-2147483648
-2147483648
-2147483648
-2147483648
-2147483648
-2147483648
-2147483648
-2147483648
-2147483648
-2147483648
-2147483648
-2147483648
-2147483648
-2147483648
-2147483648
-2147483648
-2147483648
-2147483648
-2147483648
-2147483648
-2147483648
-2147483648
-2147483648
-2147483648
-2147483648
-2147483648
-2147483648
-2147483648
-2147483648
-2147483648
-2147483648
-2147483648
-2147483648
-2147483648
-2147483648
-2147483648
-2147483648
-2147483648
-2147483648
-2147483648
-2147483648
-2147483648
-2147483648
-2147483648
-2147483648
-2147483648
-2147483648
-2147483648
-2147483648
-2147483648
-2147483648
-2147483648
-2147483648
-2147483648
-2147483648
-2147483648
-2147483648
-2147483648
-2147483648
-2147483648
-2147483648
-2147483648
-2147483648
-2147483648
-2147483648
-2147483648
-2147483648
-2147483648
-2147483648
-2147483648
-2147483648
-2147483648
-2147483648
-2147483648
-2147483648
-2147483648
-2147483648
-2147483648
-2147483648
-2147483648
-2147483648
-2147483648
-2147483648
-2147483648
-2147483648
-2147483648
-2147483648
-2147483648
-2147483648
-2147483648
-2147483648
-2147483648
-2147483648
-2147483648
-2147483648
-2147483648
-2147483648
-2147483648
-2147483648
-2147483648
-2147483648
-2147483648
-2147483648
-2147483648
-2147483648
-2147483648
-2147483648
-2147483648
-2147483648
-2147483648
-2147483648
-2147483648
-2147483648
-2147483648
-2147483648
-2147483648
-2147483648
-2147483648
-2147483648
-2147483648
-2147483648
-2147483648
-2147483648
-2147483648
-2147483648
-2147483648
-2147483648
-2147483648
-2147483648
-2147483648
-2147483648
-2147483648
-2147483648
-2147483648
-2147483648
-2147483648
-2147483648
-2147483648
-2147483648
-2147483648
-2147483648
-2147483648
-2147483648
-2147483648
-2147483648
-2147483648
21986
33
0
88
1260
1263
1264
1265
0
33
0
89
1263
1266
1267
1268
0
33
0
90
1266
1269
1270
1271
0
33
0
91
1269
1272
1273
1274
0
33
0
92
1272
1275
1276
1277
0
33
0
93
1275
1278
1279
1280
0
33
0
94
1278
1281
1282
1283
0
33
0
95
1281
1284
1285
1286
0
33
0
96
1284
1287
1288
1289
0
33
0
97
1287
1290
1291
1292
0
33
0
98
1290
1293
1294
1295
0
49
0
9
21991
0
0
-206158430
-1076046595
0
0
0
0
33
0
1208
5
0
0
5
0
33
0
1211
32657
0
0
11
0
33
0
2619
5
0
0
12
0
33
0
2615
21991
0
0
4
0
33
0
1209
21991
0
0
7
0
33
0
1207
21991
0
0
3
0
33
0
1208
32657
0
0
20
0
33
0
204
32657
0
0
21
0
33
0
3
32657
0
0
22
0
33
0
405
32657
0
0
23
0
33
0
606
5
0
0
24
0
33
0
202
21991
0
0
2
0
33
0
203
32657
-2147483648
-2147483648
-2147483648
-2147483648
-2147483648
-2147483648
-2147483648
-2147483648
-2147483648
-2147483648
-2147483648
-2147483648
-2147483648
-2147483648
-2147483648
-2147483648
-2147483648
-2147483648
-2147483648
-2147483648
-2147483648
-2147483648
-2147483648
-2147483648
-2147483648
-2147483648
-2147483648
-2147483648
-2147483648
-2147483648
-2147483648
-2147483648
-2147483648
-2147483648
-2147483648
-2147483648
-2147483648
-2147483648
-2147483648
-2147483648
-2147483648
-2147483648
-2147483648
-2147483648
-2147483648
-2147483648
-2147483648
-2147483648
-2147483648
-2147483648
-2147483648
-2147483648
-2147483648
-2147483648
-2147483648
-2147483648
-2147483648
-2147483648
-2147483648
-2147483648
-2147483648
-2147483648
-2147483648
-2147483648
-2147483648
-2147483648
-2147483648
-2147483648
-2147483648
-2147483648
-2147483648
-2147483648
-2147483648
-2147483648
-2147483648
-2147483648
-2147483648
-2147483648
-2147483648
-2147483648
-2147483648
-2147483648
-2147483648
-2147483648
-2147483648
-2147483648
-2147483648
-2147483648
-2147483648
-2147483648
-2147483648
-2147483648
-2147483648
-2147483648
-2147483648
-2147483648
-2147483648
-2147483648
-2147483648
-2147483648
-2147483648
-2147483648
-2147483648
-2147483648
-2147483648
-2147483648
-2147483648
-2147483648
-2147483648
-2147483648
-2147483648
-2147483648
-2147483648
-2147483648
-2147483648
-2147483648
-2147483648
-2147483648
-2147483648
-2147483648
-2147483648
-2147483648
-2147483648
-2147483648
-2147483648
-2147483648
-2147483648
-2147483648
-2147483648
-2147483648
-2147483648
-2147483648
-2147483648
-2147483648
-2147483648
-2147483648
-2147483648
-2147483648
-2147483648
-2147483648
-2147483648
-2147483648
-2147483648
-2147483648
-2147483648
-2147483648
-2147483648
-2147483648
-2147483648
-2147483648
-2147483648
-2147483648
-2147483648
-2147483648
-2147483648
-2147483648
-2147483648
-2147483648
-2147483648
-2147483648
-2147483648
-2147483648
-2147483648
-2147483648
-2147483648
-2147483648
-2147483648
-2147483648
-2147483648
-2147483648
-2147483648
-2147483648
-2147483648
-2147483648
-2147483648
-2147483648
-2147483648
-2147483648
-2147483648
-2147483648
-2147483648
-2147483648
-2147483648
-2147483648
-2147483648
-2147483648
-2147483648
-2147483648
-2147483648
-2147483648
-2147483648
-2147483648
-2147483648
-2147483648
-2147483648
-2147483648
-2147483648
-2147483648
-2147483648
-2147483648
-2147483648
)


// ************************************************************************* //
